GSM3510216	GSM3510217	GSM3510219	GSM3510221	GSM3510222	GSM3510225	GSM3510226	GSM3510230	GSM3510233	GSM3510234	GSM3510235	GSM3510236	GSM3510237
AAMP	2.41	2.28	2.61	2.43	2.52	1.32	2.35	2.31	2.37	2.53	2.25	2.13	2.26
ABCB1	1.76	1.51	1.83	1.34	1.2	1.04	1.89	0.85	1.57	1.15	1.08	1.11	1.88
ABCF1	2.46	2.14	2.86	2.29	2.84	1.56	2.54	2.17	2.77	2.42	2.17	2.15	2.38
ADAM11	0.95	1.57	2.73	1	1.32	0.78	1.15	0.6	1	1.26	1.04	1.11	1.08
ADIPOQ	1.18	1.26	0.9	1.51	0.95	1.15	2	1.95	1.15	0.78	0.95	0.85	1
ADORA2A	1.45	0.85	0.95	1.08	1.15	0	1.28	0.7	1.46	0.6	1.11	0.9	1.56
ADORA2B	1.89	1.83	2.26	2.35	0.85	0.85	1.65	0.95	0.9	0.78	1.74	0.48	0.9
AGGF1	2.01	1.66	2.2	1.81	2.04	1.04	2.01	1.71	1.91	1.84	1.8	1.67	1.95
AICDA	1.11	0.7	1.18	1.04	0.7	0.85	1.08	0.6	1.11	1	0.48	0.9	1
ALB	1.67	1.18	1.51	1.81	1.11	0.78	1.61	0.9	1.68	1.59	1.41	0.9	1.74
AMICA1	2.72	2.16	1.91	2.14	2	1.59	2.23	1.3	2.24	1.81	1.95	1.84	2.5
ANTXR1	2.49	2.43	2.49	2.07	1.6	2.09	2.79	2.13	2.36	2.02	2.73	2.03	2.16
ANXA2	1.92	1.74	2.01	1.73	2.05	1.34	2.06	1.2	1.88	1.89	1.7	1.41	1.86
ANXA4	2.58	2.02	2.66	2.25	2.7	1.38	2.61	2.01	2.56	2.38	2.33	2.2	2.4
AP1M2	0.7	0.48	0.95	0.78	0.6	0.78	1.08	0.6	0.6	0.48	1.04	0.3	0.6
AP1S2	3.38	2.96	3.33	3.12	3.71	1.99	3.01	3.18	3.31	3.51	2.68	3.07	3.14
APOBEC3A	1.36	0.3	0.85	1.23	1.08	0.78	1	0.78	1.26	0.48	0.6	0.6	0.9
APOBEC3B	1.83	1.28	2.05	1.64	1.15	1	1.79	0.9	1.78	0.95	1.23	1	1.65
APOBEC3H	1.23	1.15	0.9	1.18	1	0.48	1.38	0.78	1.04	1.11	0.95	0.3	1.34
AREG	2.42	1.18	0.7	0.48	0.48	0.85	0.85	1.41	1.08	0.9	0.95	0.85	1.11
ARG1	0.85	0.7	0.95	0.85	0.48	0.48	0.95	0.85	1.04	0.78	0.48	0.6	1
ARG2	1.8	1.26	1.7	1.51	1.52	0.95	1.82	0.7	1.04	1.38	1.51	0.85	0.85
ARID1A	2.29	2.07	2.41	2.09	2.42	1.41	2.28	2.06	2.39	2.23	1.97	1.83	2.28
ASCL2	1.9	1.11	1.61	1.6	1.28	0.7	1.89	0.95	1.66	1.2	1.36	1	1.71
ATP6V0D2	1	1.2	2.85	0.78	1.65	0.6	1.04	0	0.9	0.3	1.15	0.3	0.6
ATP8B4	1.89	1.36	1.54	1.69	1.36	1	1.72	0.9	1.56	1.11	1.58	0.85	1.86
AURKA	1.85	1.95	2.39	1.82	2.09	1.26	2	1.74	1.88	1.97	1.69	1.52	1.76
AURKB	1.92	1.77	2.7	1.91	2.33	1.3	1.96	1.78	2.28	1.63	1.66	1.57	2.09
AXIN2	1.46	1.46	1.65	0.9	1.49	0.85	1.04	1.15	1.28	1.08	1.26	1	0.95
AXL	2.62	1.92	2.08	2.08	1.77	1.58	3.16	1.64	2.12	1.56	2.15	1.67	2.4
B2M	4.75	4.13	4.62	4.73	3.83	3.26	4.62	3.2	4.61	4.41	4.23	3.52	4.69
B3GAT1	0.95	1.28	1.11	0.95	0.6	0.7	1.11	0.7	1.34	0.7	0.6	0.6	0.9
BATF	1.66	1.3	1.96	1.72	1.18	0.85	1.4	0.3	1.79	1.4	1.48	1	1.63
BCAM	2.36	2	1.72	2.07	1.93	1.69	2.29	1.64	1.72	2.11	1.96	1.63	1.93
BCL11A	1.41	1.53	1.79	1.2	2.1	0.9	1.58	0.85	1.38	1.38	1.28	1.59	1.28
BCL11B	1.4	1.41	1.08	0.95	0.78	0.85	1.15	0	1.41	0	0.9	0.95	1.53
BCL2	2.2	2.13	2.47	1.95	2.39	1.2	2.24	2.68	2.59	2.34	2.08	2.48	2.13
BCL2L11	1.79	1.88	1.75	1.86	1.46	1.28	1.62	0.95	1.9	1.88	1.97	1.18	2.05
BCL6	2.12	2.03	2.05	2.17	2.24	1.15	2.08	2	1.89	1.89	1.88	1.56	1.83
BIRC5	2.36	1.81	2.75	2.16	2.29	1.26	2.36	2.37	2.14	1.93	1.86	2.12	2.05
BLNK	1.89	1.56	1.48	1.49	1.34	0.78	1.83	0.78	1.94	1.15	1.72	1.48	2.03
BNC1	1.28	1	1.18	1.15	1.15	1.08	1.3	0.6	1.15	1.04	1.04	0.3	1.15
BNIP3L	2.86	2.34	3.11	2.85	2.48	1.79	2.74	2.18	2.49	2.65	2.6	2.03	2.5
BRAF	2.35	2.42	2.57	2.31	2.47	1.38	2.38	2.03	2.53	2.49	2.25	1.88	2.22
BRCA1	1.85	2.02	2.24	1.81	2.12	1.08	1.62	1.76	2	1.59	1.54	1.77	1.93
BRCA2	1.86	1.52	1.8	1.83	2.03	1.08	2.01	1.54	1.78	1.49	1.62	1.54	1.9
BST1	2.41	1.65	1.96	2.33	1.65	1.41	2.06	0.95	2.3	2.13	1.92	1.15	2.15
BST2	3.33	2.84	2.38	3.59	2.86	1.76	2.92	2.52	2.72	2.6	2.29	2.47	2.95
BTLA	1.92	1.67	1.49	1.38	1.08	0.7	1.82	0.95	1.99	1.32	1.2	1.67	2.05
BTN1A1	0.7	0.3	0.48	0.85	0.6	0	0.85	0	0.7	0.6	0.78	0.3	0.95
BTN2A1	1.7	1.49	1.79	1.71	1.86	0.7	1.79	1.45	2.04	1.52	1.51	1.23	1.6
BTN2A2	2.32	2.09	2.56	2.11	2.52	1.23	2.3	1.81	2.29	1.9	2.04	1.94	2.31
BTN3A1	2.22	1.98	2.1	1.99	1.91	1.15	2.37	1.49	2.45	1.93	2.07	1.87	2.28
BTN3A2	2.74	1.84	2.76	2.54	2.39	1.54	2.68	1.85	2.88	2.45	2.31	2.25	2.7
BTN3A3	2.64	2.2	2.52	2.35	2.01	1.36	2.56	1.67	2.74	2.19	2.1	2.03	2.68
BTNL2	0.3	0	0.9	0.95	0.78	0.78	0.78	0.78	1.15	1	1	0.85	0.9
BTNL8	1.36	0.78	0.78	0.85	0.3	0.6	0.85	0.3	0.9	0.85	0.78	0	1.15
BTNL9	1.85	1.6	1.11	1.49	1.61	1.43	1.83	1.9	1.75	2.21	1.48	1.46	1.45
BUB1	1.59	1.43	2.2	1.8	1.98	1	1.79	1.68	1.68	1	1.34	1.54	1.79
C10orf54	2.09	1.67	1.52	1.72	1.4	1.2	1.86	1.08	1.77	1.43	1.61	1.18	1.94
C14orf102	1.94	1.69	2.08	1.69	2.1	1.15	1.83	1.18	2.06	2.08	1.65	1.4	1.8
C1orf210	0.7	0.78	0.6	0.85	1	0	0.78	0.3	0.9	0	0.85	0.3	0.6
C5	1.34	0.95	1.18	1.15	1.23	0.6	1.36	1	1.38	1.18	1.18	1.11	1.2
C5AR2	1.4	0.78	1	1	1	0.48	1.2	0.3	1.2	0.85	1	0.3	1.11
CADM1	2.07	2.22	2.41	2.61	1.51	0.9	2.34	2.24	2.58	2.44	2.63	1.95	2.06
CALR	3.78	3.3	3.92	3.7	3.32	2.64	3.74	3.24	3.56	3.3	3.43	3.09	3.57
CANX	3.71	3.38	3.77	3.65	3.5	2.24	3.54	2.9	3.49	3.82	3.25	2.94	3.51
CARD11	2.02	1.78	1.62	1.48	1.41	1.2	1.77	0.7	1.8	1.18	1.59	1.64	1.75
CARD9	1.45	0.95	1.15	1.11	1.23	1.11	1.53	0.7	1.41	0.95	1.28	0.9	1.51
CASP10	2.26	2.07	1.9	2.21	1.4	1.45	2.2	1.3	2.48	1.71	2.3	1.46	2.65
CASP3	2.21	1.73	2.38	2.05	1.96	1.38	2.2	2.08	2.3	2.12	1.91	1.9	2.42
CASP4	3.08	2.3	2.55	2.99	2.02	1.76	2.69	2.06	2.69	2.46	2.4	2.1	2.75
CASP8	2.52	2.21	2.34	2.34	2.01	1.41	2.26	1.88	2.41	1.72	2.18	2	2.43
CCKBR	0.78	0.3	0.7	0.7	0	0	0.48	0	0.48	0	0.48	0.6	0
CCL19	2.51	2.9	1.73	1.56	1	1.41	2.65	1.64	2.84	0.85	2.64	2.71	2.88
CCL2	2.49	1.76	2.21	2.67	1.59	1.3	2.38	1.34	1.87	1.32	2.41	1.43	2.29
CCL21	2.96	3.05	2.18	2.02	1	1.04	3.17	1.18	2.83	1	2.38	3.23	2.61
CCL24	1.4	1.18	1.04	0.95	1.18	1.04	1.15	0.78	1.08	1	0.7	0.9	1.15
CCL27	0.95	0.7	0.9	0.78	1.28	0.48	1.18	0.6	0.9	0.9	1	0.78	0.3
CCL3	2.04	1.94	1.86	2.13	1.73	1	1.9	1.46	1.86	1.46	1.8	1.23	1.92
CCL4	2.42	1.79	2.19	2.57	1.92	1.3	2.36	1.9	2.13	1.67	1.94	1.28	2.44
CCL5	2.96	2.02	2.35	2.69	2.06	1.68	2.63	1.2	2.76	2	2.15	1.56	3.02
CCL8	2.2	1.38	2.33	2.73	1.41	0.78	2.58	0.9	1.64	1.15	2.05	0.95	2.19
CCNB1	2.27	2.14	3.02	2.24	2.74	1.34	2.53	2.44	2.54	1.96	1.86	2.16	2.4
CCNB2	1.8	1.85	2.42	2.06	2.5	1.15	2.02	2	2.01	1.81	1.67	1.65	2.03
CCND1	2.88	2.73	2.91	2.7	1.53	1.34	2.78	2.69	2.91	2.89	2.93	2.49	2.82
CCNE1	1.83	1.8	2.27	1.76	2.03	1.04	1.72	1.43	1.96	1.66	1.28	1.72	1.76
CCNG1	2.75	2.27	2.94	2.59	2.77	1.58	2.4	2.21	2.6	2.53	1.96	2.02	2.53
CCR1	2.35	1.57	2.1	2.33	1.87	1.46	2.26	0.9	1.94	1.77	2.18	1.11	2.1
CCR2	2.01	1.64	1.6	1.81	0.95	1	2.01	0.78	2.49	1.26	1.61	1.26	2.56
CCR3	1.28	1	1.04	1.28	1.08	1.08	1.15	1	1.2	1.32	1.2	0.9	1.32
CCR4	0	1	0	0	0.7	0.9	0	0.9	0	0	1	1	0
CCR5	2.21	1.49	1.76	2.1	1.28	1.08	2.03	0.48	2.03	1.38	1.6	1.04	2.17
CCR6	1.38	1.26	1.11	1.3	1.11	0.9	1.48	0.48	1.67	0.85	1.18	1.53	1.34
CCR7	1.73	1.97	1.51	1.18	1.18	1.2	1.53	0.7	1.83	1.2	1.18	1.86	1.41
CD101	1.3	1.04	1.45	1.11	1.18	0.95	1.23	0.78	1.3	1.18	1.28	1.11	1.34
CD14	2.92	2.21	2.38	2.73	2.4	1.91	2.83	1.65	2.47	2.05	2.64	1.51	2.68
CD151	2.74	2.28	2.42	2.51	1.97	1.43	2.45	2.03	2.47	2.14	2.22	2.05	2.16
CD160	1.11	0.95	1.04	0.6	0.85	1	1	0.6	1.23	1.04	0.95	1	1.2
CD163	3.16	2.44	2.85	3.1	2.2	2.18	3	1.8	2.55	1.95	2.51	1.52	2.77
CD1D	1.79	1.48	1.15	1.61	1.08	0.85	1.74	0.9	1.52	1.28	1.48	1.11	1.71
CD2	1.86	1.48	1.43	1.51	1.18	0.95	1.71	0.78	1.79	1.15	1.15	1.11	1.9
CD200	2.34	2.21	1.86	2.32	1.08	1.18	1.91	0.9	1.95	1.23	2.15	1.52	2.1
CD200R1	1.73	1.45	1.34	1.48	1.08	0.78	1.59	0.95	1.64	1.11	1.26	0.78	1.45
CD207	0.95	0.78	0.95	0.7	0.85	0	0.85	0.48	0.9	0.85	0	0.9	1
CD209	2.36	1.72	1.65	2.08	1.86	1.61	2.26	1.54	1.4	1.56	1.76	1	1.71
CD22	1.89	2.03	1.74	1.36	1.26	0.85	2.06	1.15	1.94	1.11	2.04	2.17	1.59
CD226	1.9	1.56	1.63	1.69	1.74	1.2	2.03	0.9	1.62	1.49	1.57	1.43	1.98
CD24	1.56	1.72	1.71	1.38	0.9	1.11	1.66	1.73	1.4	0.95	1.52	1.97	1.68
CD244	1.51	1	1.28	1.26	1.32	0.78	1.26	0.6	1.38	0.95	1	0.7	1.46
CD247	2.14	1.99	1.79	1.78	1.3	1	1.99	0.78	2.02	1.23	1.32	1.67	2.06
CD27	2.39	2.14	1.86	2.02	1.26	0.85	2.22	0.85	2.43	1.59	2.23	1.95	2.52
CD274	2.09	2.06	1.93	2	1.23	1.18	2.43	0.78	1.66	1.4	1.65	1.36	2.12
CD276	2.91	2.78	3.25	2.94	2.6	1.99	2.6	2.48	2.62	2.71	2.54	2.41	2.5
CD28	1.71	1.28	1.45	1.61	1.58	0.9	1.45	0.6	1.65	1.26	1.43	1.32	1.6
CD300A	2.39	1.26	1.92	2.02	1.88	1.18	2.16	1.26	1.69	1.3	1.79	1.23	1.83
CD300E	1.34	0.95	1.36	1.59	0.48	1.04	1.3	1	1.04	0.9	1.18	0.78	0.6
CD300LB	1.41	0.7	1.26	1.28	1.32	1.2	1.2	0.85	1.11	0.95	1.04	1.08	1.23
CD300LF	2.04	1.3	1.3	1.64	1.74	1.23	1.89	0.48	1.57	1.23	1.68	1.36	2.08
CD33	1.51	0.9	1.4	1.59	1.11	0.85	1.53	0.7	1.32	0.95	1.36	0.85	1.49
CD37	1.95	1.7	1.79	1.7	1.45	0.9	2.01	0.95	1.88	1.11	1.85	1.8	2.11
CD38	2.5	2.09	2	2.44	1.36	1.36	2.39	0.78	2.62	1.72	2.09	1.65	2.87
CD3D	2.47	2.24	2.17	2.22	1.32	1.51	2.41	0.3	2.41	1.59	1.75	1.83	2.65
CD3E	2.09	1.76	1.76	1.79	1.11	0.9	1.97	0	2.05	1.34	1.3	1.49	2.21
CD3G	2.28	2.15	2	1.92	1.52	1.32	2.16	0.48	2.24	1.43	1.6	1.65	2.47
CD4	2.82	2.24	2.36	2.57	2.33	1.63	2.69	1.45	2.58	1.94	2.38	1.68	2.79
CD40	2.34	2.32	1.94	2.33	1.53	1.26	2.3	1.11	2.13	2.32	2.04	1.65	2.28
CD40LG	1.32	1.11	1.08	1.04	1.04	1	1.4	0.6	1.38	0.95	1.04	1.32	1.34
CD44	3.49	3.04	3.1	3.31	3.61	2.3	3.2	3.78	3.84	3.47	3.2	3.45	3.24
CD46	3.18	2.77	3.4	3.08	3.09	1.83	2.99	2.34	2.94	3.32	2.95	2.24	3.12
CD47	3.23	3.02	3.46	3.24	2.96	1.83	2.98	2.56	2.89	3.07	2.67	2.46	2.96
CD48	2.34	2.23	2.13	2.14	1.87	1.2	2.37	0.78	2.35	1.45	2	1.93	2.4
CD5	1.77	1.6	1.57	1.59	1.15	0.78	1.78	0.6	1.69	0.95	1.28	1.54	1.79
CD52	2.73	2.34	2.21	2.35	1.8	1.65	2.64	1.11	2.63	1.45	2.04	2.34	2.79
CD55	1.64	1.53	2.04	1.85	1.52	0.95	1.43	1.15	1.34	1.69	1.32	1.23	1.51
CD59	3.95	3.61	3.42	3.86	3.65	2.45	3.26	3.23	4	3.59	3.22	3.15	3.31
CD6	1.73	1.45	1.54	1.28	1.15	0.95	1.57	0.7	1.53	0.6	1.23	1.41	1.72
CD68	2.78	2.22	3.02	2.64	2.47	1.79	2.65	1.96	2.43	2.14	2.49	1.7	2.71
CD69	1.79	2.06	1.51	1.69	1.04	0.48	1.72	1.43	1.78	1.2	1.2	1.58	1.67
CD7	1.49	1.6	1.23	1.46	1.04	0.3	1.63	0.3	1.66	0.7	1.26	1.38	1.83
CD70	1	0.78	1	1.57	0.7	0.95	1.04	0.48	0.95	0.9	0.6	0.78	1.04
CD72	2.01	1.2	1.43	1.64	1.58	0.6	1.78	0.48	1.57	1.38	1.4	1.04	1.93
CD74	3.98	3.61	3.41	3.53	3.47	2.94	4.07	2.66	3.84	3.1	3.61	3.44	4.06
CD79A	2.11	2.32	1.85	1.56	1.11	1.38	2.44	1.11	2.74	1.62	2.63	2.2	2.83
CD80	1.89	1.52	1.58	1.72	1.4	0.9	1.87	1.04	1.58	1.23	1.57	1.26	1.64
CD81	3.92	3.11	3.57	3.79	3.6	2.42	3.56	3.11	3.78	3.58	3.29	3.06	3.56
CD82	1.79	1.92	1.65	1.79	1.04	1.08	1.97	1.23	1.41	1.3	1.56	1.26	1.4
CD84	2.26	1.87	1.88	2.06	1.93	1.23	2.27	1.3	2.19	1.66	2.03	1.71	2.3
CD86	2.2	1.36	1.69	1.94	1.59	1.11	2.13	0.85	1.89	1.3	1.76	0.78	2
CD8A	2.52	2.05	1.92	2.09	1.08	1.04	2.16	0.78	2.33	1.77	1.79	1.41	2.6
CD8B	1.51	1	1	0.7	0.78	0.3	1.26	0	1.26	0.48	1.11	0.6	1.63
CD9	2.97	3.02	3.09	2.69	2.92	1.56	2.9	2.23	2.62	3.28	2.73	2.19	2.74
CD96	1.69	1.79	1.9	1.73	1	1.26	1.93	1.04	2.05	1.34	1.49	1.32	2.13
CD97	2.77	2.26	2.6	2.77	1.85	1.54	2.59	2.07	2.52	2.27	2.49	2.05	2.7
CDC42SE1	3.16	2.77	3.4	2.84	3.02	1.87	3.16	2.44	2.99	2.95	2.84	2.64	3.15
CDCA2	1.7	1.68	2.79	1.85	1.61	1.26	1.94	1.9	1.72	2.22	1.56	1.6	1.91
CDCA3	1.6	1.51	1.97	1.53	1.77	1	1.6	1.43	1.72	1.54	1.41	1.3	1.69
CDH1	2.87	2.08	2.68	2.58	1.18	1.2	1.26	2.67	1.63	0.9	1.6	2.31	3.25
CDH11	2.61	2.09	2.41	1.85	1.28	2.19	2.75	1.59	2.53	1.89	2.61	1.4	2.19
CDH17	1.04	0.7	0.7	1.18	1.04	0.78	0.9	0.6	0.7	0.85	0.85	0	0.95
CDH2	2.25	1.04	1.18	1.46	1.63	0.6	2.71	2.11	1.56	0.7	1.68	1.92	1.67
CDH3	1.79	0.9	2.62	1.65	2.1	0.48	1.15	2.37	3.11	1.99	1.93	2.22	2.15
CDH5	1.68	1.15	1.56	1.43	1.23	1.41	1.6	1.08	1.41	1.43	1.23	0.95	1.41
CDKN1A	2.35	1.81	2.79	2.4	1.72	1.28	2.14	2	2.16	2.26	1.9	1.23	2.05
CDKN2A	1.18	1.18	1.18	1.18	0.85	0.85	1.26	1.26	1	0.95	0.78	0.95	0.78
CDKN2C	2.23	1.92	2.34	2.25	2.43	1.08	2.28	1.74	2.18	1.81	2.1	1.61	2.06
CDO1	1.04	0	0.48	1.08	1.75	1.11	1.28	1	0.95	0.48	0.6	1.04	0.7
CEACAM1	1.68	2.31	2.09	2.56	1.94	0.95	0.95	2	2.02	2.27	0.95	2.2	2.37
CENPA	1.53	1.53	1.91	1.46	1.83	0.9	1.75	1.86	1.43	1.28	1.36	1.67	1.67
CHGA	0.95	0.7	0.95	0.6	0.85	0.78	0.85	0.48	0.85	0.85	0.6	0.3	1.04
CHI3L1	2.53	2.24	1.48	2.15	1.56	1.6	2.39	1.81	2.11	2.08	2.4	1.71	2.45
CHI3L2	1.34	1.53	1.18	2.14	1.65	0.9	1.3	0.9	1.57	0.7	1.26	1.23	1.34
CIITA	2.37	2	1.85	1.81	1.75	1.23	2.51	1.04	2.28	1.38	1.94	1.87	2.31
CLCA1	1.04	0.48	1.2	0.7	0.85	0.6	1.04	0.3	0.6	1.15	1.23	0.7	1.08
CLCA2	1.18	0.85	1.26	1	0.78	0.78	1.08	0.95	1	0.6	0.7	0	1
CLDN4	1.08	0.7	1	0.85	0.9	0.6	1.84	1.23	1	0.78	0.85	0	0.95
CLDN7	1.38	1.04	1.11	1.34	1.15	0.95	1.45	0.85	1.2	0.95	1.32	0.85	1.41
CLEC10A	1.76	1.49	1.43	1.74	1.15	0.9	1.83	0.85	1.52	1.51	1.23	1.15	1.75
CLEC12A	1.79	0.78	1.53	1.45	0.9	0.9	1.61	0.3	1.45	1.04	1.26	0.6	2.18
CLEC1B	0.95	1	1.11	1.04	0.7	1	1.15	0.6	1.3	1.15	0.85	0.9	1
CLEC2D	1.96	1.75	1.85	1.67	1.81	0.9	1.83	0.9	2.03	2.03	1.46	1.6	2
CLEC3B	1.59	1.63	1.46	1.23	1.3	1.41	2.23	1.7	1.28	1.04	1.36	1.3	1.26
CLEC4A	2.05	1.57	1.6	1.74	1.65	1.15	1.92	1	1.93	1.61	1.75	1	1.92
CLEC4D	1.26	0.6	0.9	1.04	1.15	1	1.11	0.6	1	1	0.6	0	0.85
CLEC4E	1.67	0.7	1.41	1.71	1.48	1.04	1.57	1.11	1.49	0.6	1.3	0.3	1.82
CLEC5A	2.31	0.3	1.74	2.23	1.41	0.9	1.48	0	1.38	0.6	2.27	0.7	1.58
CLEC6A	0.95	0.95	0.7	1.04	0.95	1	1	0.6	0.95	0.48	1.08	0.3	1
CLEC7A	2.41	1.49	1.74	2.09	1.89	1.41	2.13	0.95	2	1.4	1.91	1	2.2
CLEC9A	0.85	0.7	1.18	0.6	0.95	0.78	1.26	0.3	0.9	0.95	0.85	0.7	1.04
CLIP3	2.25	2.3	2.66	1.97	1.56	1.54	2.2	1.62	1.98	2.05	2	1.74	2.05
CMKLR1	2.63	2.09	2.19	2.47	2.05	1.6	2.64	1.52	2.31	1.88	2.45	1.65	2.6
CNKSR2	1.43	1.28	1.32	1.04	1.15	0.78	1.59	1.04	1.2	1.4	1.34	1.04	1.15
CNR2	1.15	1.26	1.08	0.95	0.9	0.95	1.32	0.48	1.3	0	1.18	1.34	0.9
COL1A1	3.72	3.06	3.52	3.1	2.33	3.97	4	3.15	3.68	2.62	3.42	2.93	2.91
COL1A2	3.06	2.6	2.78	3.01	1.81	3.2	3.29	2.39	3	2.15	2.99	2.03	2.31
COL3A1	3.86	3.28	3.64	3.34	2.56	3.96	4.17	3.16	3.9	3	3.69	2.63	3.31
CPD	2.52	2.24	2.71	2.74	2.35	1.52	2.27	1.99	2.42	2.37	2.13	1.75	2.3
CRLF2	0.78	0.85	0.9	0.7	1.08	0.9	0.78	0.9	0.95	0.6	0.48	0	0.6
CRTAM	1.48	1.28	1.32	1.15	1.08	0.6	1.28	0.3	1.52	1.04	1.2	1.04	1.57
CSF1	2.26	1.79	2.2	2.06	1.88	1.18	2.47	1.62	2.04	1.41	1.99	1.26	1.97
CSF1R	1.89	1.45	1.53	1.76	1.34	1	1.85	0.85	1.57	1.04	1.41	1.18	1.71
CSF2RB	2.45	2.11	2.11	2.38	1.65	1.48	2.37	1.36	2.32	1.45	1.96	1.89	2.3
CSF3	0.7	0.78	1	0.85	1.18	0.78	0.9	0.95	1.11	0.85	1.08	0.85	1.08
CSPG4	2.74	3.26	2.96	3.17	1.36	1.28	1.92	2.06	2.52	3.48	2.52	1.43	2.8
CST6	1.46	0.78	1.2	1.15	1.04	1	1.46	2.58	1.18	0.7	1.08	0.78	1.2
CST7	2.18	1.41	1.93	2	1.48	1.4	1.82	1.18	2.1	1.52	1.64	1.28	2.18
CSTB	3.43	3.19	3.97	3.5	3.16	1.94	3.03	2.41	3.31	3.51	3.25	2.24	3.32
CTAG1B	0.78	0.7	1.2	0.3	3.09	1.36	0.6	0.95	1.08	0.7	0.6	0.7	1
CTLA4	2.06	2.12	2.39	1.9	1.08	1.2	1.92	1.32	2.09	1.36	1.56	1.3	2.14
CTNNB1	3.43	3.15	3.98	3.3	3.58	2.39	3.23	3.33	3.52	3.65	3.24	3.04	3.33
CTSB	4.19	3.49	4.13	4.16	3.62	2.86	3.93	3.36	3.69	3.53	3.92	2.91	3.82
CTSG	1.49	0.7	1.11	1.45	1.08	1.18	1.49	1.04	1.04	0.85	1.04	0.85	0.95
CTSS	3.61	3.06	3.44	3.38	3.23	2.32	3.46	1.84	3.35	2.87	3.21	2.4	3.7
CTSV	0.48	0.78	1.2	0.95	1.36	0.6	1.08	1	1.08	1	1.15	0.9	1
CTSZ	3.75	2.95	3.72	3.55	3.38	2.47	3.48	2.79	3.44	3.74	3.32	2.94	3.48
CX3CL1	2.08	1.43	1.91	2.23	1.91	1.04	1.34	1.46	1.79	1.54	1.45	1.86	1.43
CX3CR1	1.38	0.78	1	1.18	0.9	0.78	1.04	0.78	1.45	0.3	1.41	1.23	1.18
CXCL1	1.92	1.86	2.56	2.16	1.18	1.2	2.16	1.11	2.54	1.7	1.46	1.63	2.56
CXCL10	2.91	1.96	2.91	3.21	1.93	1.26	3.34	1.11	2.93	1.78	2.41	1.85	3.23
CXCL11	2.26	1.43	2.03	2.11	1.26	1.11	2.56	1.04	2.37	1.32	1.6	1.32	2.44
CXCL13	2.46	1.97	2.53	2.06	1.28	1.36	2.59	0.85	2.35	1.64	2.16	1.68	2.83
CXCL14	2.09	2.05	1.36	1.41	0.7	1.51	3.32	2.47	1.83	1.2	1.88	1.99	1.49
CXCL2	1.86	1.65	2.04	1.91	1.4	1	1.56	1.54	1.63	1.18	1.36	0.78	1.57
CXCL3	1.77	1.2	1.88	1.84	1.15	1.28	1.41	1.11	1.2	1	1.11	1	1.28
CXCL8	2.89	1.56	2.52	3.27	1.85	1.41	2.65	1.59	2.2	2.16	1.85	1.11	2.17
CXCL9	3.28	2.46	3.06	3.02	2.16	1.46	3.6	0.78	3.22	2	2.56	2.34	3.72
CXCR2	1.7	1.04	0.95	1.32	1.26	0.78	1.3	1.08	0.9	0.9	1	0.6	1.11
CXCR3	1.98	1.69	1.68	1.71	1.28	1.08	1.97	1.04	2.19	1.11	1.57	1.58	2.24
CXCR6	2.11	1.38	1.36	1.72	1.4	0.95	1.68	0.3	1.72	0.9	1.08	0.78	2.13
CXCR7	1.78	1.34	1.4	1.61	1.38	1.59	1.94	1.57	1.18	1.04	1.58	0.85	1.04
DAB1	0.95	0.9	0.85	1.18	0.78	1.2	2.1	0.6	1.2	0.95	0.7	0.6	1.15
DAPK1	2.58	2.13	1.99	2.28	2.48	1.43	2.29	2.15	2.57	2.4	2.38	2.06	2.48
DAZAP1	2.9	2.65	3.1	2.83	3.05	1.69	2.9	2.38	2.94	2.95	2.5	2.42	2.82
DCHS1	2.24	2.38	1.72	1.76	1.75	1.76	1.93	1.53	1.69	1.61	1.94	1.28	1.72
DCK	2.42	2.17	2.72	2.24	2.33	1.36	2.47	2.24	2.44	2.22	2.13	2.18	2.46
DCT	3.51	2.9	4.09	1.53	3.97	2.08	1.18	2.66	4.11	4.27	2.28	3	3.6
DDR1	2.02	1.94	2.26	2.31	1.88	0.95	2.32	2.07	2.03	2.12	1.92	1.96	1.91
DEF6	2.13	2	1.7	1.79	1.43	1.15	2.05	1.2	2.27	1.41	1.83	1.65	2.22
DEFB1	0.95	0.9	1	0.9	0.78	1.11	1	0.7	1.11	0.9	0.6	0.7	1.11
DEFB4A	1.11	0.6	1	0.9	0.7	0.48	0.9	0.48	1.2	0.85	0.7	0.85	1.11
DGKZ	2.2	2.18	1.96	2.01	2.03	1.34	2.21	1.79	2.25	1.82	2.02	2.06	2.12
DIRAS3	0.9	1.89	1.62	0.48	1.18	0.78	1.28	1.08	1.34	0.78	0.78	0.6	1.04
DOCK5	2.13	1.83	2.32	2.04	1.45	1.11	2.33	1.72	1.83	1.75	1.74	1.58	1.83
DPP4	1.38	1.43	2.66	1.48	1.11	1.23	1.3	0.78	1.15	1.15	1.28	0.9	0.85
DSC1	1	0.3	0.85	0.85	0.78	1	0.7	1	0.78	0.78	0.78	0.7	0.85
DSC2	1.82	1.32	1.11	1.57	1.38	0.78	1.81	1.2	1.58	1.08	1.64	0.78	1.83
DSG2	1.23	1.83	2.52	2.16	0.7	0.78	1.43	1	1	2.14	1.28	0.6	1.15
DSG3	0.48	0.7	1.04	0.78	1.04	1	0.95	1.08	0.9	0.3	0.78	0.7	0.7
DST	2.66	2.57	2.39	2.44	2.41	1.56	2.9	2.08	2.58	2.69	2.37	2.04	2.59
DUSP1	2.03	2.58	1.95	1.85	1.6	1.34	1.86	2.61	1.74	1.45	1.66	1.58	1.56
DUSP6	3.32	2.89	2.83	3.15	2.34	1.53	2.45	2.41	2.33	2.98	2.6	2.17	2.66
EBAG9	1.91	1.52	2.21	1.67	2.09	0.7	1.73	1.45	1.98	1.7	1.57	1.36	1.81
EBI3	1.48	1.38	1.15	1.4	1.18	1.15	1.52	1.04	1.51	1.08	0.95	1.28	1.51
ECSCR	2.82	1.45	1.57	1.52	1.36	1.41	1.95	1.15	1.53	1.59	1.38	1.28	1.6
EFEMP1	2.6	2.08	1.87	1.81	1.3	1.8	2.62	1.67	2.26	1.63	2.45	1.43	2.23
EGF	1.36	0.85	1.36	1.78	0.7	0.7	1.8	0.95	1.3	1.38	0.6	0.78	0.78
EGFR	1.62	1.61	1.2	2	0.95	1.32	2.02	1.72	1.46	1.15	1.45	0.9	1.18
EGR2	1.88	1.49	1.28	1.46	1.04	0.78	1.54	1.18	1.43	0.9	1.48	0.7	1.43
ELAVL1	1.65	1.67	1.74	1.54	1.93	1.04	1.62	1.76	1.84	1.73	1.59	1.52	1.63
ELF3	0.78	1	0.6	0.9	1.04	0.7	0.95	0.78	1.04	0.3	0.7	0.7	1.04
EMILIN2	2.53	1.75	2.49	2.75	1.95	1.4	2.32	1.52	1.86	1.43	2.57	0.95	2.15
EMR2	1.83	1.15	1.52	1.91	1.49	1.23	1.68	1.34	1.45	0.6	1.43	1.15	1.81
ENAH	2.01	1.54	1.89	1.4	1.89	1.04	1.66	1.63	1.91	2.13	1.59	1.85	1.74
ENTPD1	1.76	1.62	1.49	1.48	1.84	0.78	1.56	0.78	1.57	1	1.82	1.18	1.61
EOMES	1.41	0.95	1.15	1.28	0.6	0.7	0.95	1.36	1.61	1	1.04	1.26	1.53
EPCAM	0.78	0.3	0.6	0.78	0.7	0.6	0	0.6	0.78	0.78	0.85	0.6	0.48
EPSTI1	2.93	2.34	2.7	2.97	1.86	1.48	3.03	1.18	2.61	1.9	2.2	1.98	2.87
ERAP1	2.53	2.18	2.74	2.54	2.04	1.36	2.6	1.56	2.5	2.16	2.24	1.83	2.56
ERBB2	2.29	2.13	2.05	1.98	2.39	1.34	2.21	1.93	2.29	2.55	1.71	1.92	2.19
ESR1	1.3	0.7	1.34	1.23	0.7	0.7	0.9	0.78	1	0.7	0.95	0.78	1.23
EZR	2.6	2.38	3.27	2.2	2.33	1.3	2.93	2.33	2.56	2.61	2.37	2.09	2.69
FAM83B	1.11	0.9	0.7	1	0.9	0.78	0.78	0.95	0.95	0.78	1.08	0.6	0.6
FAP	2.38	1.71	2.15	1.83	1.23	1.81	2.31	1.36	2.26	1.6	2.37	1.08	1.83
FAS	2.14	1.63	2.35	2.13	2.1	1.32	2.11	1.08	2.03	2.5	1.67	1.23	2.11
FASLG	1.79	1	1.41	1.43	0.9	0.7	1.54	0.85	1.56	1.2	1.11	0.7	1.78
FCER1A	1.34	0.48	1.08	0.3	0.6	1.04	1.54	1	0.3	0.85	0.7	0.85	0.7
FCGR2A	3.21	2.28	2.66	2.9	2.6	2.27	3.05	1.75	2.62	2.34	2.79	1.66	2.86
FCGR2B	2.72	2.07	2.47	2.71	2.37	1.45	2.82	1.04	2.35	1.82	2.71	1.74	2.4
FCGR3A	3.4	2.43	3.12	3.07	2.36	1.81	3.3	1.18	2.73	2.22	3.04	1.57	3.26
FCN1	2.48	1.32	1.58	2.3	1.64	1.2	1.89	1.2	1.81	1.57	1.36	0.85	1.7
FCRL1	1.89	1.82	1.69	1.41	0.95	1.23	1.88	0.95	1.74	0.78	1.7	2.12	2.15
FCRL3	1.32	1.34	1.04	1.11	1.15	1.11	1.4	0.6	1.52	0.9	1.3	1.32	1.48
FCRL4	0.95	1	0.78	0.78	0.48	0.48	0.85	0.48	1.3	0.6	1.11	0.78	1.26
FCRL5	1.46	1.81	1.45	1.2	0.95	0.6	1.6	0.48	2.18	1	2.16	1.99	2.09
FCRL6	1.4	0.6	1.15	0.95	0.9	0.6	1.26	0.7	1.32	0.95	0.48	0.85	1.46
FGF1	1.79	1.04	1.38	1.23	1	1.04	1.75	0.6	1.43	1.3	1.69	0.9	1.66
FGFR3	0.85	0.48	0.85	0.9	1.08	0.9	1	1.18	1.11	0.85	0.9	1.04	1.18
FLT1	2.72	2.11	2.27	2.31	2.1	1.32	2.35	1.52	1.69	1.97	2.4	1.28	2.08
FN1	3.99	2.92	3.75	3.63	2.45	2.97	4.25	2.18	3.7	3.21	4.05	2.2	3.68
FOLR1	0.9	0.7	1.15	1	0.95	0.78	0.7	0.6	0.78	1.08	0.9	0.85	0.85
FOLR2	2.57	1.9	1.9	2.27	2.25	1.73	2.23	1.9	2.17	2.04	1.83	1.68	2.05
FOLR3	0.95	0.78	0.78	1	0.9	1	0.78	0.6	1.08	0.85	0.78	0.78	1
FOLR4	0.9	0.3	0.48	0.48	0.6	0.78	0.7	0.7	0.95	0.9	0.3	0	0.85
FOSL1	2.08	0.95	2.08	1.6	1.23	0.6	2.55	1.51	1.83	1.43	1.89	1.51	1.49
FOXP3	1.49	1.32	1.57	1.45	0.95	1	1.66	0.6	1.67	1	1.2	1.2	1.38
G6PD	2.49	2.45	2.59	2.35	2.32	1.41	2.55	2.35	2.51	2.37	2.09	2.07	2.29
GAS6	2.5	2.3	2.39	2.1	1.88	2.07	2.54	1.81	2.69	2.06	2.74	1.93	2.54
GATA3	0.9	0.85	0.7	1	0	0.7	0.9	0	0.78	0.48	0.7	0.48	0.6
GBAS	2.73	2.51	3.12	2.62	2.97	1.64	2.65	2.46	2.7	2.88	2.45	2.24	2.65
GBP1	2.97	2.27	2.81	2.85	1.94	1.67	3.31	1.3	3	2.2	2.35	1.99	2.96
GCH1	2.28	1.62	2.1	2.2	1.38	0.9	2.23	1.23	1.86	1.45	1.72	1.46	2.25
GDF10	1.23	0.6	1.18	1.28	0.85	0.85	1.58	1.41	1.15	0.9	1.23	1.04	1.08
GFI1	1.9	1.32	1.34	1.58	1.11	0.85	1.76	1	1.82	1.74	1.52	0.9	2.05
GJB5	1.18	1	1.26	0.95	0.95	1.04	0.78	0.85	0.85	1.08	1.08	0.9	1
GJB6	1.23	0.85	0.85	0.95	0.95	0.3	0.78	1.04	1.18	1.04	0.78	1.04	1.23
GNAI2	3.49	3.13	3.46	3.39	2.99	2.43	3.43	2.55	3.31	3.08	3.19	2.72	3.31
GNLY	1.83	1.18	1.9	1.85	1.08	1.2	2.16	0.9	1.74	1	1.08	1.62	1.66
GOLT1A	1.08	0.3	0.7	0.6	0.7	0.7	0.6	0.85	0.9	0.6	0.78	0.6	0.48
GPA33	0.48	0.3	0.48	0.48	0.78	0.3	0.7	0	0.48	0	0.48	0.48	0.3
GPLD1	1.38	1.3	1.51	1.04	1.23	0.78	1.26	0.7	1.32	1.08	1.36	0.85	1.57
GPR141	1.3	1	1.23	1.08	0.9	0.48	1.32	0	1.32	0.85	1.11	0.78	1.58
GPR18	1.6	1.4	1.4	1.2	0.85	1	1.66	0	1.69	0.7	1	1.3	1.85
GPR3	1.41	1.36	1.63	1.2	1.18	0.85	1.71	1.45	1.11	1.48	1.41	1.52	1.28
GPR97	1.15	0.3	1.11	0.7	1.11	1	1.11	0	1.11	1	0.7	0.6	0.78
GRAP2	2.11	1.75	1.63	1.71	1.73	0.78	1.95	1.11	1.93	1.51	1.6	1.36	2.09
GRB7	1.08	0.3	0	0.9	0.9	0.3	1	0.48	0.7	0.7	0.48	0.48	0.7
GSTM3	1.46	1.11	1.67	0.6	1.36	0.85	1.11	0.78	1.26	1.49	1.51	0.85	1.18
GZMA	2.57	1.7	2.19	2.32	1.69	1.49	2.43	0.6	2.36	1.72	1.89	1.23	2.77
GZMB	2.53	1.49	2.49	2.41	1.23	1.11	2.27	0.48	1.79	0.85	1.97	1.71	2.16
GZMH	2.09	1.2	1.62	1.76	1.28	0.78	1.81	0.7	1.51	1.04	1.41	0.9	1.88
GZMK	2.24	1.59	1.97	2.06	1.52	0.85	1.85	0.6	2.26	1.56	1.43	1.2	2.46
HAVCR1	1.23	1.2	1.2	1	0.95	0.78	1.15	0	1.15	0.95	1.11	0.78	1.08
HAVCR2	2.59	1.76	2.19	2.4	1.97	1.18	2.37	0.85	2.22	1.69	2.13	1.32	2.45
HCLS1	2.7	2.13	2.21	2.42	1.94	1.68	2.59	1.51	2.46	1.65	2.28	1.85	2.66
HCRTR1	1.2	0.48	0.85	1.11	0.78	0.78	0.7	0.85	1.18	0.6	0.6	0.7	0.95
HCRTR2	0.85	0.3	0.3	0.9	0.78	0.6	0.7	0.6	0.78	0.3	0.48	0.7	0.9
HCST	2.65	1.95	2.15	2.46	1.62	1.57	2.46	1.36	2.29	1.68	2.17	1.91	2.5
HES4	1.34	1.62	1.61	1.72	0.9	0.7	1.58	1.28	0.95	0.48	1.41	1.3	1.15
HGFAC	0.48	0.7	0	0.48	1.15	0.48	0.95	0.48	1.11	0.7	0.6	0.78	0.85
HHLA2	1.08	1.2	1.2	0.95	1.2	0.78	1.11	0.7	1.11	1.08	1.18	0.7	1.18
HIF1A	2.98	2.59	3.22	2.85	2.72	2.01	2.9	2.35	2.77	2.72	2.8	2.03	2.8
HLA-A	3.83	3.35	3.76	3.57	2.98	2.65	4.05	2.44	3.86	3.43	3.34	3.25	3.78
HLA-B	4.01	3.52	3.75	3.89	3.04	2.79	4.27	2.76	4	3.53	3.45	3.38	4.06
HLA-C	3.67	3.4	3.71	3.42	2.91	2.4	4	2.78	3.6	3.55	3.27	3.19	3.69
HLA-DMA	2.84	2.31	2.31	2.46	2.43	1.89	2.91	1.63	2.76	2.13	2.58	2.1	2.91
HLA-DMB	2.92	2.31	2.35	2.54	2.53	1.83	2.96	1.11	2.75	2.06	2.6	1.95	2.98
HLA-DPB1	3.77	3.03	3.21	3.29	3.25	2.53	3.74	2.08	3.51	2.82	3.35	2.69	3.77
HLA-DQA1	0.95	3.1	3.41	3.32	3.28	1.38	3.87	2.23	0.78	2.75	3.33	2.85	0.85
HLA-DQB1	1.96	1.86	2.42	2.39	2.17	0.48	2.83	1.08	1.41	1.86	2.17	1.86	1.86
HLA-DRA	4.38	3.65	3.79	3.92	3.88	3.11	4.37	2.57	4.11	3.44	3.98	3.24	4.37
HLA-DRB1	3.2	3.35	3.49	3.43	3.3	2.71	3.62	2.36	2.96	3.01	3.43	2.83	3.18
HLA-E	3.63	3.25	3.6	3.38	3.14	2.56	3.67	2.52	3.7	3.05	3.1	2.99	3.57
HLA-F	2.65	2.31	2.55	2.44	1.91	1.46	2.72	1.23	2.75	2.23	2.17	2.08	2.7
HLA-G	3.33	2.53	3.31	3.17	2.76	1.71	3.2	1.73	2.97	2.96	2.53	2.32	3.22
HMCN2	1	1.04	0.9	0.9	0.7	1	1.49	0.3	1.04	0.48	1.36	0.78	0.7
HMGA1	2.09	1.83	1.93	1.63	1.99	1	2.4	2.1	2.23	1.71	1.52	2.07	1.9
HMGB1	2.97	2.4	2.91	2.85	3.17	1.85	3	2.5	3.01	2.71	2.59	2.48	2.94
HNF1B	0.9	0.78	0.85	1.11	0.9	0.95	1.2	0.6	1.08	0.78	1.04	0.78	0.9
HNRNPL	3.23	2.91	3.44	3.12	3.3	2.13	3.19	2.93	3.24	3.09	2.87	2.72	3.15
HOPX	2.37	1.4	1.75	1.51	1	1.15	2.14	1.36	2.22	1.2	2.38	0.9	2.01
HSD3B7	1.72	1.38	2.19	1.23	1.45	1.04	1.64	0.78	1.49	1.04	1.38	1.08	1.52
ICA1	1.84	1.56	1.58	1.7	1.15	0.78	1.68	0.48	1.6	1.81	1.3	1.04	1.77
ICAM1	3.05	2.8	2.8	3.75	2.38	1.53	2.91	2.41	2.72	2.59	3.03	2.33	2.78
ICAM5	1.11	0	0.78	0.6	1.2	0.6	0.95	0.48	1.08	0.7	1.08	0.78	0.85
ICOS	1.8	1.58	1.36	1.46	0.95	0.9	1.62	0.6	1.76	0.95	1.18	0.95	1.89
ICOSLG	1.95	1.53	1.58	2.07	1.62	1	2	0.95	1.83	1.04	1.73	1.43	1.76
ID2	2.43	1.78	2.33	2	2.05	1.08	2.29	1.62	2.14	2.29	1.99	2.16	2.26
IDO1	2.55	2.14	2.29	2.19	1.3	1.04	2.76	0.7	1.88	1.4	1.36	1.74	1.85
IFI16	3.15	2.98	3.29	3.35	3.08	1.96	2.85	2.96	2.95	3.37	2.85	2.58	2.94
IFIH1	2.3	2.18	2.4	2.59	1.61	1.15	2.63	1.48	2.1	1.97	1.9	1.79	2.2
IFITM1	3.7	3.23	2.96	3.85	2.45	2.36	3.52	1.75	3	2.5	2.65	2.39	3.27
IFITM3	3.77	3.5	2.8	3.76	3.18	2.62	3.57	2.61	3.07	2.85	3.06	2.51	3.28
IFNB1	0.3	0.9	0.78	0.78	0.7	0.6	0.7	0.6	0.6	0.85	0.78	0.7	0.6
IFNG	1.62	1.2	1.3	1.53	0.95	0.85	1.72	0.6	1.53	0.95	1.11	0.9	1.9
IFNGR2	2.92	2.6	2.61	3.05	2.56	1.65	2.85	2.05	2.6	2.59	2.63	2.33	2.81
IGF1	1.57	1.23	1.34	1.3	1.69	1.28	1.94	1.08	1.66	0.85	1.2	1.15	1.11
IGFBP1	0	0.7	0.48	1.41	0.7	0.6	0.6	0.7	0.3	0.6	0	0	0.6
IGFBP5	3.06	2.55	2.68	2.6	1.41	1.68	3.42	2.23	2.27	2.18	2.89	1.83	3.3
IGJ	3.27	2.78	2.87	3.17	1.51	1.68	3.16	1.6	3.7	2.7	2.79	2.6	4.19
IGSF3	1.93	2.06	3.01	2.56	2.83	1.2	2.43	2.48	2.77	3.15	2.62	2.07	2.53
IGSF6	2.5	1.82	1.88	2.28	2.4	1.4	2.29	1.3	2.21	1.98	2.15	1.36	2.56
IGSF8	2.44	2.57	3.01	1.9	2.35	1.46	2.01	1.68	2.16	2.63	2.01	1.92	2.25
IKZF2	1.72	1.45	1.54	1.4	1.66	0.9	1.96	0.7	1.74	1.32	1.2	0.9	1.62
IKZF3	2.09	2.03	1.85	1.69	1.3	1.36	2.2	0.7	2.23	1.32	1.8	1.95	2.41
IL10	1.49	1.23	1.45	1.57	1.32	0.85	1.51	1.32	1.49	1.08	1.28	1.08	1.38
IL10RA	2.72	2.23	2.18	2.52	1.9	1.63	2.54	1.26	2.48	1.85	2.34	1.94	2.61
IL10RB	2.64	2.34	2.75	2.6	2.36	1.67	2.63	1.43	2.48	2.45	2.36	1.92	2.55
IL13	0.3	0.48	0	0.9	1	0.48	0.7	0.7	0.3	0	0.7	0	0.48
IL17	0.78	0.85	0.78	1.08	0.95	0.78	1.04	0.48	1	1.04	0.78	0.78	0.95
IL18	2.05	1.59	1.59	1.76	1.56	1.26	2.14	1.04	2.15	1.34	1.74	1.32	2.37
IL18R1	1.67	1.94	1.49	1.43	1.04	1.11	2.37	1.04	1.61	1.11	1.15	1.45	1.54
IL2	1	1.08	0.85	0.9	1.08	0.7	0.6	0.7	0.95	1.08	0.95	0.95	1.11
IL21	1.32	0.78	1.15	0.6	1.04	0.85	1.26	0.3	1.23	1	0.95	0.7	1.51
IL22	0.6	0.9	0.9	0.78	0.85	0.9	1.15	0.48	0.7	0.48	1.08	0.7	0.85
IL23R	1	0.85	1.04	0.85	1	0	1.04	0	0.9	0.7	0.7	0.6	0.78
IL27	1	0.3	0.85	1	0.48	0.85	0.9	0.7	1	0.6	0.78	0.3	0.95
IL27RA	2.29	2.21	1.65	2.39	1.15	0.9	2.02	0.95	2.03	1.83	2.11	1.6	2.04
IL2RA	2.28	1.78	2.03	2.27	1.28	1.4	2.48	1.23	1.61	1.36	1.81	1.32	2.03
IL2RB	2.36	2.09	2.13	1.91	1.45	1.2	2.41	1	2.34	1.63	1.62	1.73	2.51
IL2RG	2.7	2.29	2.3	2.5	1.89	1.49	2.59	0.7	2.68	1.73	2.23	2	2.82
IL32	2.75	2.21	2.44	2.57	1.96	1.64	3.2	1.15	2.9	2.02	2.46	2	3.13
IL4	1.04	0.85	0.9	0.95	0.48	0.78	0.7	0.7	0.85	0.95	0.48	0.48	1.04
IL6	1.46	1.08	1.9	1.6	0.6	0.95	1.2	1.4	1.18	0.7	1	0.3	0.95
IL7	1.2	1.15	1.2	1.3	0.7	0.85	1.48	0.7	1.51	0.95	1.28	1.18	1.41
IL7R	2.4	2.06	2.08	2.28	1.41	1.28	2.26	1.26	2.29	0.9	1.49	1.67	1.98
ILDR1	1.08	0.6	0.95	1.04	1.3	0.9	1.04	0.78	1.04	0.9	1.04	0.48	1.15
ILDR2	1	0.48	0.9	1.15	1.08	0.78	1.28	0.9	1.04	1.2	0.9	0.85	1.43
ING1	1.72	1.49	1.49	1.7	2.05	0.9	1.65	1.54	1.85	1.57	1.48	1.53	1.67
ING2	1.74	1.52	2.23	1.67	1.83	1	1.93	1.78	1.95	1.72	1.28	1.54	1.78
INSR	2.6	2.38	2.28	2.5	2.19	1.53	2.17	2.19	2.34	2.47	2.28	1.72	2.28
IQGAP3	1.57	1.15	1.94	1.45	1.94	1.15	1.71	1.45	1.69	1.56	1.51	1.43	1.59
IRF1	2.55	2.11	2.38	2.37	1.76	1.34	2.73	1.26	2.55	1.92	2.15	1.76	2.67
IRF2	2.08	1.7	2.07	1.93	1.68	1.23	2.06	1.43	2	1.9	1.54	1.56	2.07
IRF3	2.05	1.87	2	1.94	1.98	1.28	1.95	1.63	2.01	1.81	1.7	1.81	1.9
IRF4	2.47	2.46	2.9	2.34	3.01	1.56	2.34	2.43	3.29	2.97	2.86	2.37	3.02
IRF5	1.9	1.7	1.83	1.74	1.49	0.7	1.83	0.85	1.62	1.36	1.61	1.18	1.79
IRF6	0.95	0.7	1.15	0.85	1.11	0.6	1	1.15	0.78	1.41	0.78	0.3	0.85
IRF7	2.37	2.47	2.5	2.82	1.75	1.4	2.57	1.49	2.2	1.76	1.88	2.28	2.31
IRF8	2.43	1.99	2.16	2.12	1.88	1.51	2.39	1.15	2.17	1.51	1.95	2.07	2.38
ITGA1	2.58	1.9	2.25	2.59	2.03	1.83	2.2	1.45	2.17	2.09	2.34	1.52	2.16
ITGA2	2.1	1.46	1.68	1.98	2.1	0.85	2.15	1.08	1.58	1.68	1.85	1.08	1.59
ITGA3	2.84	2.32	2.81	2.34	1.38	1.11	3.01	1.72	2.26	1.18	2.5	2.14	2.48
ITGAE	2.18	1.69	2.51	1.76	1.89	1.2	2.07	1.54	2.17	2.16	1.67	1.45	2.25
ITGAL	2.19	1.9	1.82	1.83	1.6	1.04	2.04	0.48	2.18	1.34	1.78	1.67	2.29
ITGAM	2.32	1.74	1.8	2.14	1.75	1.34	2.26	0.95	2.1	1.58	2.15	1.15	2.07
ITGAV	2.74	2.64	2.69	2.55	2.45	2.23	2.91	2.28	2.57	2.59	2.69	2.37	2.56
ITGAX	2.79	2.54	2.25	2.48	2.44	1.81	2.62	1.76	2.54	2.17	2.55	2.08	2.57
ITK	1.99	1.72	2.54	1.57	1.36	1.3	1.94	0.7	2.08	1.38	1.45	1.45	2.12
ITM2A	2.24	2.17	1.79	1.64	1.45	1.18	2.23	1.51	2.26	1.72	1.49	1.32	2.39
JAK2	2.72	2.65	2.41	2.51	2.15	1.71	2.71	1.61	2.56	2.65	2.36	2.04	2.68
JAK3	2.45	2.19	2.12	2.4	1.41	1.52	2.27	1.43	2.3	1.54	2.11	1.86	2.41
JAKMIP1	1.43	0.9	1.18	1.15	1	0.95	1.2	0.7	1	1.15	1.11	0.78	1.6
JUP	1.91	1.83	1.56	2.13	2.1	1.59	2.26	2.25	1.85	1.93	1.86	1.74	1.62
KDM2A	2.64	2.38	2.68	2.54	2.47	1.58	2.57	2.26	2.67	2.2	2.27	2.22	2.55
KDM5A	2.51	2.5	2.6	2.5	2.62	1.61	2.48	1.81	2.62	2.85	2.27	2.05	2.46
KDM6A	2.06	1.85	2.06	1.8	2.47	1.32	2.02	1.99	2.24	2.4	1.66	1.9	1.99
KIF2C	1.58	1.45	2.17	1.65	2.17	1.04	2	1.74	1.83	1.3	1.45	1.54	1.76
KIR2DL1	1.04	0.85	0.78	1.08	1.18	1.11	1.04	0.6	1.26	0.95	1.18	1.04	1.28
KIR2DL4	1.32	0.85	1.04	1.28	1.08	1.04	1.26	0.3	0.95	1	1.11	0.85	1.28
KLK11	0.48	0.3	0.7	0.7	0.95	1.04	0.78	1.2	0.78	0.78	0.78	0	0.48
KLK5	0	0.3	0.9	0.6	1.08	0.85	0.6	1.18	1.08	0.6	1	0.48	0.78
KLRB1	1.82	1.18	1.23	1.36	1.04	1.04	1.52	0.78	1.75	1.11	1.2	0.85	1.57
KLRC1	1.72	1.32	1.68	1.49	1.3	0.7	1.58	0.6	1.36	0.78	0.85	0.78	1.43
KLRC2	1.76	1.49	1.56	1.64	1.11	1.08	1.76	0.78	1.6	0.9	1.57	1.08	1.38
KLRD1	1.6	1.08	1.43	1	1.18	0.7	1.63	0.6	1.48	0.95	1.08	0.48	1.85
KLRF1	1.38	1.18	1.11	1.26	1.11	0.9	1.45	0.85	1.23	1.08	1.11	1.2	1.04
KLRG1	1.87	1	1	1.28	1.04	1.11	1.38	0.7	1.62	0.95	1.3	0.9	1.52
KLRG2	0.9	0	0.6	0.6	0.85	0.95	1.15	0.7	0.6	0.78	0.7	0.9	1.18
KLRK1	2.36	1.85	1.88	1.93	1.34	1.26	2.09	0.48	2.34	1.7	1.71	1.34	2.48
KRAS	2.17	1.98	2.33	1.95	2.02	1.2	2.27	1.51	2.09	2.33	1.86	1.48	2.25
KRT13	1.11	0.6	0.7	1.04	1.08	1	0.85	0.95	1	0.9	0.85	0.78	0.78
KRT17	1.18	0.78	0.95	0.7	1.2	0.7	1.2	2.47	1.08	0.9	1.08	0.3	1.08
KRT5	0.85	0.3	0.9	1.04	0	0.3	1	1.9	0.85	1	1.08	0.78	1
KRT6A	1.4	1.08	1	1.36	1.36	0.85	1.38	1.15	1.34	1.15	1.26	1.32	1.4
KRT6B	0.7	0.7	0.6	0.6	0.85	0.7	0.9	1.97	1.11	0.9	0.48	0.48	1.04
LAG3	2.53	1.86	2.12	2.34	1.41	1.18	2.45	0.85	1.96	1.43	1.62	1.26	2.57
LAIR1	2.74	2.08	2.26	2.45	2.04	1.58	2.66	1.23	2.45	1.86	2.38	1.41	2.6
LAMP1	2.97	2.45	2.96	2.98	3	1.91	2.85	2.27	2.81	2.61	2.63	2.28	2.72
LAMP2	3.29	3.07	3.51	3.29	3.72	2.16	3.43	2.71	3.18	3.55	2.99	2.65	3.07
LAT	1.99	2.08	2.15	1.88	1.68	1.41	2.09	1.69	2.19	1.93	1.86	1.99	2.15
LAT2	2.49	2.11	1.95	2.07	2.05	1.49	2.38	1.36	2.28	1.46	2.27	1.91	2.28
LAX1	2.14	2.14	1.79	1.73	1	0.9	2.02	1.08	2.64	1.4	2.15	1.61	2.71
LCK	2.09	1.86	1.69	1.76	1.32	1.2	1.97	0.3	2.05	1.26	1.51	1.48	2.21
LGALS1	3.8	3.55	4.02	3.57	3.36	2.75	3.88	2.86	3.51	3.27	3.6	2.88	3.34
LGALS2	1.6	1.36	0.95	1	0.85	0.48	1.08	0.78	1.28	0.85	0.78	1.23	1.43
LGALS3	3.56	3.51	3.75	3.24	2.81	1.94	3.05	2.83	3.48	3.46	3.14	2.77	3.66
LGALS3BP	3.53	3.14	3.51	3.1	2.82	1.92	3.23	2.59	3.05	3.39	2.53	2.82	2.9
LGALS4	0.78	0.78	0.7	0.78	0.7	0.6	1	0.7	0.7	0.78	0.3	0.3	0.85
LGALS7	1.18	0.85	1.23	1.04	1.11	0.95	1.11	1.83	1.3	1.15	1.15	1.04	1.23
LGALS9	2.67	2.21	2.28	2.58	2.25	1.57	2.61	1.63	2.5	1.79	2.22	2.16	2.45
LIFR	1.57	1.81	1.11	1.51	1.93	1.26	1.93	1.73	1.41	1.45	1.97	1.59	1.71
LILRA1	1.2	0.78	1.04	1.26	0.9	0.85	1.11	0	1.04	0.9	0.95	0.78	1.15
LILRA2	1.52	1.04	1.18	1.45	1.48	0.85	1.45	0.95	1.15	0.95	1.43	0.85	1.15
LILRA3	1.3	0.6	1.3	1.51	1	0.6	1.2	0.6	1.18	0.78	0.9	1.08	1.08
LILRA4	1.26	0.6	1.34	0.78	1.04	0.7	1.18	0.48	0.85	0.6	0.78	1.28	0.78
LILRA5	1.78	1.23	1.28	1.8	1.45	0.6	1.61	0.95	1.2	1.43	1.61	0.9	1.41
LILRA6	1.66	1.4	1.45	1.52	1.15	1.3	1.67	0.9	1.45	1.11	1.34	0.85	1.46
LILRB1	2.42	1.74	2.05	2.35	1.54	1.28	2.48	0.9	2.06	1.49	2.09	1.57	2.39
LILRB2	2.27	1.67	1.76	2.26	1.52	1.48	2.07	0.6	1.85	1.38	1.91	1.36	1.97
LILRB3	1.98	1.4	1.38	1.6	1.43	1.18	1.93	1	1.48	1.15	1.67	0.6	1.76
LILRB4	2.93	1.93	2.53	2.93	2.14	1.28	3.04	1	2.57	1.96	2.49	1.45	2.84
LILRB5	1.96	1.85	1.48	1.59	1.57	1.59	1.97	0.95	1.46	1.41	1.46	0.48	1.56
LMO3	0.95	1.15	1.85	0.95	1.91	0.95	1.38	0.7	0.9	1.6	1	0.78	1.11
LSR	1.61	2.09	1.6	1.8	1.26	1.11	1.63	1.88	1.64	1.58	1.8	1.84	1.8
LST1	2.67	2.01	2.09	2.46	2.05	1.57	2.57	1.41	2.3	1.63	2.1	1.67	2.55
LTA	1	1.54	1.23	1.08	0.78	1	1.46	0.9	1.38	0.85	0.95	1.38	1.43
LTB	2.16	2.28	1.83	1.74	1.32	1.48	2.21	1.15	2.36	1.38	1.91	2.48	2.2
LTBR	2.88	2.91	3.09	2.86	2.42	1.7	2.77	2.14	2.44	2.85	2.4	2	2.46
LTK	0.85	0.78	0.95	0.85	0.95	0.95	0.85	0.3	1.04	0.85	1	1	0.6
LY6E	3.98	2.8	3.44	3.76	2.89	1.87	2.74	2.69	3.08	3.06	2.29	2.8	2.84
LY6G6C	0.7	0.7	0.95	1.15	1.08	0.9	0.78	1.32	1.11	1.04	0.7	0.9	0.85
LY6G6D	1.08	0.85	0.78	1.2	1.11	1	1.11	0.7	1.08	0.48	0.6	0.78	0
LY9	1.69	1.72	1.54	1.38	1.58	0.85	1.75	0.7	1.95	1.38	1.72	1.49	2.06
LYG1	1.11	1.15	1.52	1.32	1.45	0.95	1.36	0.7	1.4	1.43	1.3	0.9	1.18
LYPD3	0.3	0.6	0.85	0.85	1.04	0.6	0.6	1.2	0.95	0.7	0.7	0.7	1
MAF	1.91	1.36	1.88	1.62	1.59	0.85	1.85	0.95	1.75	1.65	1.48	0.95	1.48
MAFB	2.6	2.26	2.49	2.45	2.03	1.82	2.56	2.08	2.32	1.93	2.3	1.66	2.45
MAGEA1	0.9	1	0.95	2.09	2.33	0.9	1.23	0.48	1.48	0.95	1.54	0.9	1.26
MAP4K1	2.25	1.94	1.94	1.9	1.51	1.15	2.12	0.9	2.16	1.49	1.97	1.74	2.35
MARCO	2.57	1.46	1.34	2.53	0.95	1.11	2.21	1.08	1.49	1.3	2.6	0.48	1.84
MBL2	0.9	1.11	1.18	1.18	1.11	0.48	1.11	0.3	1	0.85	0.78	0.6	0.7
MDM2	3.06	2.66	3.58	3.17	2.81	1.65	2.61	2.1	3.04	3.42	2.43	2.14	2.92
MERTK	2.45	2.71	2.86	2.33	2.14	1.63	2.56	1.7	2.26	2.06	2.22	1.43	2.33
MGAT1	3.38	2.99	3.01	3.26	2.93	2.1	3.12	2.36	3.1	3.51	2.98	2.4	3.12
MICA	1.88	1.8	2.04	1.71	1.75	1	1.88	1.61	1.91	1.94	1.67	1.57	1.72
MICB	1.98	2.01	2.11	1.86	2.29	1.18	2.29	0.85	2.25	1.54	1.76	1.41	2.17
MITF	2.78	2.79	3.29	2.48	3.24	1.43	1.86	2.34	3.04	3.43	2.25	2.39	3.06
MKI67	1.89	1.58	2.4	1.89	2	1.11	2.12	1.52	1.83	1.83	1.52	1.81	2.18
MLANA	3.48	3.11	3.85	3.01	3.31	1.54	1.26	2.31	3.29	3.75	2.55	2.72	3.31
MLH1	2.34	2.08	2.48	2.15	2.2	1.38	2.18	2.21	2.27	2.28	2.18	1.97	2.16
MLLT3	1.48	1.34	1.32	1.08	1.58	0.7	1.46	0.85	1.51	1.3	1.4	0.9	1.28
MMP1	1.88	0.6	2.19	1.41	1	1.77	0.95	0	0.85	0.7	0.9	0	1.18
MMP11	1.66	1.72	1.41	1.34	1	1.2	1.34	0.85	1.4	1.3	1.45	1.11	0.9
MMP13	1.04	0.3	2.04	0.48	0.48	1.18	1.08	0.9	0.6	1	0	0.3	0.78
MMP2	2.18	1.86	4.01	1.65	2.5	2.59	2.91	2.26	2.76	1.86	2.25	1.91	1.94
MMP9	2.29	2.08	1.61	2.55	1.62	1.63	2.34	1.61	2.64	1.54	2.1	2.24	2.48
MN1	0.7	0.78	0.7	0.9	0.85	0.9	1.23	0.48	1.15	0.48	1.18	0.78	0.95
MON1B	2.13	1.89	2.26	2.03	2.07	1.26	2.03	1.62	2.2	2.09	1.81	1.97	1.9
MRC1	2.82	1.65	1.76	2.54	1.98	1.59	2.31	1.61	2.11	1.85	1.89	1.23	2.38
MS4A1	2.06	2.17	1.66	0.95	0.6	1.3	2.26	0.6	2.21	0.48	1.95	2.24	2.02
MSH2	2.19	2.17	2.61	2.01	2.54	1.41	2.19	1.94	2.14	2.31	2.08	1.92	2.23
MSH4	1.11	0.78	0.9	1.04	1.45	0.6	1.04	0.3	1.48	0.95	0.9	1.04	1.08
MSLN	1	1	1.18	1	0.7	1	1.23	0.78	0.9	1.18	0.78	0.6	1.04
MTA2	2.5	2.19	2.5	2.39	2.41	1.3	2.49	2.14	2.5	2.08	2.08	1.95	2.37
MUC21	0	0.3	0.85	0.48	0.78	0.85	0	0.6	0	1	0.3	0	0.85
MX1	3.03	3.16	3.29	3.54	2.08	1.56	3.06	1.69	2.45	1.83	2.03	2.53	2.79
MYBL2	1.97	2.16	2.41	2.06	2.34	1.28	2.05	2.27	2.02	1.6	1.72	2	2.17
MYC	2.68	2.47	2.43	2.39	2.97	1.53	2.41	2.82	3.16	2.99	2.2	2.53	2.45
MYCN	1.56	0.7	1.18	0.3	1	0.6	0.85	0.7	0.95	0.3	0.9	0.6	1.7
MYD88	2.64	2.16	2.67	2.53	2.26	1.48	2.52	1.93	2.47	2.18	2.17	2.2	2.4
MYH4	1.11	1.08	1.26	1.04	1.38	1.08	1.18	0.85	1.08	0.85	0.85	1.15	0.95
NAPSA	1.74	1.76	1.72	1.59	1.76	1.79	1.76	1.53	1.74	1.7	1.67	1.52	1.71
NCAM1	1.49	2.56	2.41	2.59	2.74	1.08	1.85	1.93	0.7	2.38	1.97	1.26	1.36
NCR1	1.38	0.85	1.48	0.9	0.9	1	1.38	0.48	1.2	0.78	1	0.95	1.59
NCR2	0.9	0.7	0.95	0.95	1	1.18	0.95	0.78	1.04	1.04	0.7	0.9	1.04
NCR3	1.11	0.78	0.9	0.7	0.78	0.78	1.15	0.3	1.3	0.78	0.95	1.04	1.43
NCR3LG1	1.54	1.36	1.65	1.62	0.85	1.08	1.61	0.9	1.04	0.7	1.38	0.9	1.4
NEG_A	0.9	0.7	0.7	0.95	1.26	0.85	1.2	1.11	0.95	0.78	0.95	1.04	1.04
NEG_B	1	1.2	1.04	1.18	1	1.18	0.95	0.85	1.08	0.78	1	0.95	1.28
NEG_C	1	0.6	1.04	0.78	1	1.04	1.15	0.7	0.95	1.04	0.6	0.9	0.9
NEG_D	1.11	0.6	0.85	0.85	0.85	0.9	0.85	0.85	0.7	0.95	1.18	0.85	0.6
NEG_E	1.18	0.6	1.23	1.04	1.18	1.15	1.41	0.95	1.23	1.2	1.3	0.85	1
NEG_F	1.36	1.11	1.4	1.43	1.34	1.45	1.36	0.95	1.4	1.26	1.23	1.2	1.18
NEG_G	0.6	0.3	0.6	0.6	0.48	0.78	0.48	0.6	0.48	0.95	0.6	0	0.7
NEG_H	0.95	0.78	0.7	1	0.9	0.7	0.78	0.6	1	1	1.11	0.78	1.08
NFATC1	1.98	1.91	1.67	1.85	2.35	1.2	2.04	1.73	2.16	1.49	1.72	1.81	2.01
NFIL3	2.05	1.6	2.07	2	1.82	1.11	2.18	1.63	1.93	1.76	1.89	1.15	1.76
NFKB1	2.05	1.48	2.17	1.88	1.88	0.9	2.11	1.7	1.98	1.78	1.64	1.51	1.93
NKG7	2.6	1.7	2.14	2.38	1.45	1.23	2.27	0.7	2.33	1.49	1.9	1.32	2.66
NKX2-1	1.45	1	1.2	1.52	0.78	0.7	1.34	0.78	1.3	1.4	1.04	0.3	1.57
NLRP10	1.28	0.3	1	1.11	1.08	0.78	0.78	0	0.95	1.04	0.3	0.6	1.04
NOD1	2	1.78	1.93	1.81	1.84	1.26	2.05	1.34	1.93	1.41	1.71	1.64	1.79
NOS2	1.38	1.15	1.15	1.2	1.2	1.32	1.23	1.04	1.18	1.11	1.3	1.04	1.23
NR4A2	1.88	1.72	1.68	1.97	1.26	0.3	1.3	1.71	1.36	1.43	1.15	1.32	1.4
NT5E	2.23	1.95	2.09	2.76	1.34	1.62	2.96	1.61	2.09	1.52	2.36	1.52	1.59
OAS1	1.93	2.06	2.26	2.37	1.43	1.2	2.1	0.48	1.72	1.26	1.46	1.2	2
OAS2	2.65	2.43	2.73	2.95	1.54	1.3	2.67	1.36	2.34	1.63	1.85	2.05	2.44
OAS3	2.48	2.33	2.64	2.8	1.45	1.08	2.27	1.66	2.08	1.74	1.6	2.04	2.3
OAZ1	3.59	3.19	3.85	3.55	3.22	2.33	3.39	2.71	3.4	3.41	3.15	2.72	3.41
OR7C1	0.95	0.85	1.46	0.6	2.37	0.48	1.26	0.9	0.95	0.48	0.6	1.18	0.78
OR8G1	0.9	0.78	1.11	1.77	0.6	1.04	0.6	0.7	1.34	0.78	1.48	0.48	0.85
OSCAR	1.91	1.32	1.26	1.72	1.34	1.08	1.67	0.95	1.51	0.9	1.91	0.78	1.54
OVOL2	0.95	0.6	1.08	1.11	0.48	0.95	1.2	1.08	1.15	1.18	0.7	0.95	1.11
P2RY8	1.96	1.95	1.64	1.58	1.51	1.08	1.92	0.6	2.13	1.2	1.83	1.51	2.35
PARK7	3.34	3.02	3.52	3.16	3.36	2.09	3.26	2.94	3.32	3.32	2.94	2.74	3.15
PARP12	2.56	2.32	2.46	2.59	1.72	1.26	2.74	1.43	2.16	2.16	2.28	1.94	2.53
PARP9	2.83	2.61	2.86	2.85	2.16	1.38	2.6	1.48	2.45	2.1	2.23	1.94	2.58
PBK	1.93	1.41	2.99	2.09	2.05	0.78	2	2.1	1.72	1.54	1.48	1.68	1.72
PBXIP1	2.55	2.32	2.59	2.37	2.52	1.52	2.44	1.63	2.52	2.6	2.19	1.79	2.51
PCSK1	2.04	1.65	2.57	2.39	0.6	0.6	1.36	0.95	1.04	0.6	1.2	0.95	1.04
PCSK2	0.85	1.2	2.3	1.15	1.4	0.78	1.08	1.59	1.38	1.28	0.9	1.9	1.15
PDCD1	1.86	1.08	1.38	1.28	1.3	0.95	1.53	0.48	1.72	1.04	1.11	1.11	1.92
PDCD1LG2	2.21	1.46	1.77	2.1	1.43	1.26	2.44	0.48	1.86	1.2	1.85	1.08	2.27
PDCD4	2.28	2.11	1.96	2.12	2.65	1.26	2.06	1.93	2.37	2.29	1.89	1.76	2.17
PDGFRA	1.99	1.59	1.63	1.38	1	1.73	2.24	1.69	1.86	1.54	2.09	0.85	1.64
PDIA3	2.11	1.83	2.09	1.96	1.54	1	1.92	1.26	1.89	2.11	1.72	1.41	1.94
PDX1	1.15	0.85	1.08	1.04	0.9	0.95	0.7	0.9	1.11	1	1	0.95	1.15
PECAM1	3	2.63	2.6	2.67	2.45	2.32	2.92	1.86	2.86	2.45	2.72	2.02	3.03
PF4	1	0.48	0.95	0.6	1.62	0.48	0.9	0.6	0.3	0	0.48	0.48	0.6
PGR	1.08	0.78	0.85	0.9	0.85	0.78	1.4	0.7	1.04	0.85	1	0.7	1.11
PHACTR2	2.38	1.71	2.01	1.98	1.38	1.3	2.3	1.28	2.15	1.79	1.94	1.23	2.07
PHLDA3	2.94	2.52	3.26	2.55	2.33	1.6	2.31	1.61	2.56	2.92	2.24	1.15	2.48
PI3	1.04	0.6	0.9	1.2	1.11	1.08	0.85	1.04	0.95	1.04	1	0.85	1.11
PIK3CA	2.18	2.18	2.25	2.26	2.14	1.18	2.09	2.09	2.24	2.18	1.92	1.97	2.16
PIK3CB	2.21	2.29	2.42	2.05	2.38	1.45	1.95	2.02	2.11	2	1.88	1.93	2.22
PIK3CD	2.47	2.17	2.84	2.11	2.12	1.48	2.51	2.13	2.46	2.78	2.1	2.28	2.61
PIK3CG	2.31	1.91	1.98	2.04	1.61	1.3	2.28	1.04	2.26	1.62	2.09	1.61	2.43
PIK3R1	2.52	2.25	2.62	2.21	2.95	1.62	2.42	2.67	2.4	2.05	2.12	2.24	2.32
PILRA	2.49	1.81	1.76	2.28	2.18	1.48	2.26	1.04	1.96	1.68	2.28	1.11	2.23
PILRB	2.84	2.78	2.58	2.65	3.32	1.73	2.55	2.09	2.63	2.81	2.4	2.34	2.48
PLAT	2.93	2.77	3.02	3	1.51	1.38	3.42	2.7	2.64	3.04	2.59	2.29	2.36
PLAU	2.61	2.15	2.51	2.21	2.48	1.94	2.68	1.52	2.5	1.68	2.56	1.26	2.43
PLSCR1	2.62	2.67	3.02	2.92	1.79	1.58	2.71	1.9	2.37	2.29	2.16	2.12	2.47
PLXNA4	1.36	1.18	1.23	1.26	0.7	1	1.26	1.15	1.3	0.78	1.2	1	1.08
POLR2A	2.8	2.45	3.01	2.7	2.55	1.93	2.69	2.46	2.72	2.74	2.53	2.24	2.78
POS_A	4.48	4.36	4.52	4.51	4.52	4.61	4.5	4.31	4.49	4.5	4.49	4.45	4.46
POS_B	4.12	3.99	4.12	4.13	4.13	4.21	4.12	3.91	4.1	4.1	4.09	4.05	4.06
POS_C	3.52	3.41	3.55	3.55	3.57	3.64	3.55	3.34	3.52	3.53	3.52	3.5	3.49
POS_D	2.74	2.64	2.79	2.82	2.79	2.89	2.79	2.56	2.77	2.81	2.79	2.77	2.74
POS_E	1.98	1.93	1.94	1.98	1.89	2.1	2.01	1.72	1.99	1.99	2	1.93	1.91
POS_F	1.77	1.7	1.83	1.88	1.89	1.84	1.83	1.59	1.78	1.86	1.81	1.74	1.76
POSTN	3.51	2.56	2.9	2.58	2.03	2.76	2.98	2.73	2.45	2.27	2.96	1.68	2.72
PPARG	1.38	0.85	1.54	1.36	1.11	0.9	1.46	1.2	1.2	1.08	1	0.85	1.38
PPP1R2	1.97	2.03	2.19	1.94	2.08	1.38	1.99	2.29	2.13	1.97	1.89	1.98	1.87
PPP1R9A	1.98	2.14	1.82	2.4	1.92	1.04	1.58	1	1.28	2.39	2	1.34	1.51
PRC1	1.88	1.72	2.37	1.99	2.57	1.11	1.86	2.16	2.09	1.85	1.67	1.81	2.05
PRDM1	2.16	2.05	2.15	1.83	1.46	1.46	2.01	1.54	2.43	1.48	2.11	1.46	2.54
PRF1	2.59	1.76	2.15	2.42	1.63	1.32	2.18	1	2.12	1.56	1.74	1.59	2.59
PRKCB	2.17	1.9	1.83	1.7	1.58	1.2	1.96	1.23	2	1.3	1.64	1.9	2.15
PROM2	0.85	1.04	1.2	1.15	1.04	0.7	0.95	0.85	1.08	1.23	1.08	0.9	1.08
PRR15L	0.7	0.9	0.48	1.08	0.85	1	1.04	0.78	0.7	1.11	0.48	0.95	0.9
PRSS8	0.9	0.48	0.85	0.9	0.78	0.48	0.9	0.95	1	1	0.95	0.85	0.7
PSMB10	2.47	1.98	2.36	2.3	1.98	1.3	2.68	1.54	2.52	1.93	1.87	1.89	2.67
PSMB5	2.68	2.34	3.03	2.44	2.72	1.64	2.64	2.24	2.66	2.58	2.31	1.94	2.58
PSMB6	2.99	2.55	3.36	2.91	2.81	1.86	2.93	2.51	2.95	2.72	2.55	2.27	2.9
PSMB7	3.04	2.6	3.24	2.89	2.81	1.86	3.2	2.79	2.93	2.92	2.6	2.71	3.03
PSMB8	3.13	2.67	3.34	3.05	2.44	1.88	3.16	2.19	3.13	2.74	2.51	2.45	3.07
PSMB9	3.01	2.6	2.96	2.77	2.08	1.73	3.12	1.71	2.88	2.35	2.38	2.26	2.96
PSMD10	2.2	2.12	2.66	2.08	2.42	1.08	2.15	1.9	2.23	2.32	1.86	1.76	2.08
PSMD6	2.65	2.83	3.06	2.64	2.67	1.48	2.54	2.34	2.6	2.63	2.44	2.05	2.53
PSME1	2.97	2.55	2.84	2.61	2.44	1.71	2.98	1.95	2.92	2.53	2.33	2.11	2.92
PSME2	3.35	3	3.34	3.08	2.82	2.08	3.37	2.62	3.21	2.74	2.7	2.61	3.29
PSTPIP1	1.93	1.58	1.7	1.6	1.38	1.2	1.86	1.08	1.93	1.26	1.53	1.36	1.99
PSTPIP2	2.2	1.4	1.96	2.06	1.38	0.9	2.09	0.7	1.57	1.11	1.6	0.78	2.05
PTCH1	1.56	1.65	1.32	1.28	1.69	0.6	1.58	1.57	1.53	1.4	1.74	1.88	1.58
PTEN	3.02	2.52	3.05	2.63	3.17	1.9	2.81	2.4	2.8	3.2	2.23	2.49	2.86
PTGER2	1.72	1.26	1.38	1.57	1.18	0.85	1.98	1.15	1.4	1.11	1.71	1.04	1.43
PTGER4	1.76	1.34	1.57	1.66	1.3	0.95	1.85	0.95	1.58	1.11	1.36	1.26	1.92
PTGFRN	1.85	1.79	2.18	2.19	1.68	1.52	1.96	1.63	2.09	2.16	2.15	0.78	1.68
PTHLH	1.6	1.18	1.6	1.41	1.15	1.08	1.38	0.6	1.28	1.34	1.2	0.85	1
PTPN13	2.42	2.13	2.57	2.03	1.15	1.38	2.02	1.36	1.83	2.38	1.57	1.28	2.17
PTPN22	2.12	1.46	1.61	1.71	1.43	0.7	1.93	0.3	1.85	1.18	1.63	1.08	2.16
PTPN3	1.3	0.6	1.4	1.18	1.28	0.7	1.46	1.04	1	1.28	1.2	0.95	1.32
PTPN6	2.55	2.12	2.15	2.3	2.06	1.38	2.48	1.15	2.5	1.79	2.24	1.98	2.53
PTPN7	2.09	1.79	1.84	1.84	1	1	2.08	0.6	2.16	1.18	1.85	1.63	2.28
PTPRC	2.42	2.03	2.1	2.18	1.71	1.28	2.35	1.04	2.34	1.54	2.06	1.64	2.46
PTPRCAP	2.17	2	1.82	1.84	1.38	1.2	2.1	1.04	2.24	1.34	1.59	2.15	2.35
PTPRF	1.69	1.53	1.49	1.43	1.9	1.23	1.52	1.48	1.18	1.58	1.76	1.08	1.49
PVR	2.28	2.09	2.49	2.34	2.31	1.2	2.47	2.25	2.03	2.26	1.81	2.05	1.93
PVRIG	1.68	1.53	1.45	1.56	2.04	0.85	1.4	1.43	1.71	1.51	1.32	1.53	1.83
PVRL2	2.21	1.81	2.02	2.22	1.87	1.4	2.12	1.81	1.87	1.67	1.72	1.73	1.79
PVRL3	1.99	2.1	2.16	2.09	1.91	1.15	2.19	1.04	1.68	2.12	1.43	0.85	1.77
PYHIN1	2.12	1.73	1.54	2.06	1.34	1.08	1.79	0.7	2.1	1.43	1.61	1.32	2.26
RAB25	0.95	0.7	0.6	0.85	0.6	0.78	0.7	0.85	0.95	0.9	0.7	0.7	1.11
RAC2	2.52	2.07	1.97	2.09	1.62	1.26	2.3	1.18	2.29	1.49	2.04	1.95	2.51
RACGAP1	2.06	1.81	2.52	2	2.25	1.2	2.03	2.19	2.07	1.77	1.69	1.95	2.08
RALB	2.74	2.35	2.95	2.54	2.31	1.76	2.72	2.16	2.38	2.52	2.4	2.14	2.47
RAP1GAP	1.54	1.72	2.47	1.45	2.39	1.04	1.2	1.26	1.91	1.53	1.34	1	1.64
RARRES1	2.64	2.17	1.79	2.45	1.82	1.45	2.32	1.26	2.62	2.41	2.55	1.04	2.51
RARRES2	2.69	2.18	2.16	2.1	1.4	2.71	2.68	2	2.86	2.06	2.91	1.76	2.27
RASAL3	2.16	2	1.86	1.91	1.32	1.32	2.05	1	2.23	1.23	1.79	1.83	2.26
RASSF8	2.18	2.22	2.48	2.12	1.97	1.04	2.23	1.72	1.86	2.47	1.94	1.51	1.85
RECK	1.81	1.38	1.28	1.49	1.99	1.23	1.62	1.15	1.54	1.62	1.62	0.9	1.7
REM2	1.04	1.15	1.11	1.04	1.04	0.7	1.15	0.6	1.26	1	1.04	1.04	0.9
RETNLB	0.78	0.78	0.78	0.85	0.85	0.7	0.7	0.48	0.6	0.6	0.78	0.3	0.48
RGN	0.9	0.78	0.78	0.85	1.11	0.6	1.11	0.7	0.78	0.6	1.26	0.48	0.9
RGS16	1.59	1.23	1.23	1.46	1.34	1.15	2.29	1	1.34	1.76	1.61	1.11	1.36
RORA	1.81	1.7	1.72	1.89	1.34	1.32	1.95	1.61	1.74	1.67	1.7	1.26	1.8
RORC	1.48	1.67	0.85	0	0.85	0.3	0.78	0.48	0.85	0.78	0	0	0.7
RPL22L1	3.15	2.56	2.91	2.56	2.67	1.63	2.49	2.48	2.68	2.4	2.28	2.28	2.72
RRH	0.95	0.95	1.51	1.08	1.2	0.9	1.15	1	1.65	1	0.85	1.11	1.15
RSAD2	1.94	1.92	2.15	2.29	0.95	0.95	2.02	0.95	1.04	1.04	1.36	1.41	1.28
RUNX1	2.69	2.49	2.59	2.28	2.11	1.66	2.6	1.98	2.19	1.72	2.45	1.97	2.13
RUNX3	2.05	2.39	2.82	2.04	1.68	1.04	2.35	1.64	2.28	2.33	2.08	2.31	2.24
RXFP4	1.08	0.9	0.6	1	1.08	0.7	0.6	0	1.18	0.48	0.9	0.7	0.9
S100A2	1.94	1.88	1.34	1.32	1.18	1.08	2.13	2.2	1.34	1.18	1.36	1.18	1.53
S100A8	2.37	1.34	2.08	2.37	1.59	1.04	2.08	1.78	1.45	1	1.99	0	1.34
S100A9	2.54	1.75	2.23	2.6	2.16	1.28	2.17	1.61	1.38	1.28	2.18	0.48	1.79
SAMD3	1.99	1.26	1.54	1.52	1.4	1.08	1.74	1.04	1.89	1.23	1.54	1.26	1.92
SAMHD1	3.22	2.82	2.87	3.01	2.55	2.1	3.07	2.13	2.92	2.72	2.69	2.36	3.11
SART1	1.41	1.45	1.34	1.48	1.63	1.08	1.49	1.26	1.56	1.38	1.18	1.32	1.4
SART3	2.51	2.41	2.72	2.45	2.59	1.67	2.36	2.48	2.5	2.49	2.24	2.17	2.48
SASH3	2.35	2.02	2.01	2.03	1.62	1.32	2.24	1.04	2.26	1.36	1.9	1.86	2.29
SCGB2A2	0.6	0.85	0.9	0.6	0.95	0	0.6	1.15	1.04	0.48	0.95	0.85	0.3
SCUBE2	1.86	1.98	1.99	1.2	0.85	1.41	1.75	1.11	1.73	1.52	2.12	1.23	1.23
SDHA	2.87	2.83	3.22	2.66	3.02	1.88	2.77	2.44	2.92	2.86	2.55	2.56	2.93
SEC22B	2.97	2.74	3.11	2.83	2.79	1.87	2.82	2.3	2.77	2.84	2.68	2.22	2.77
SELL	2.09	2.12	2	1.72	1.3	1.3	2.15	1.08	2.08	1.3	1.53	2.14	2.01
SELPLG	1.49	1.2	1.36	1.41	1.08	1.23	1.4	1.23	1.56	1.11	1.41	1.45	1.67
SEMA4A	1.95	1.58	1.78	1.8	1.58	1.32	2.05	1.3	2.01	1.57	1.7	1.51	2.16
SEMA4D	2.33	2.18	2.02	2.12	1.6	1.18	2.41	1.46	2.32	1.61	2.11	1.84	2.57
SEMA6A	1.96	2.31	2.94	1.64	3.15	0.95	2.18	2.57	3.02	3.12	1.76	2.38	2.28
SERPINA1	2.71	2.14	2.21	2.46	1.85	1.45	2.38	1.04	2.24	1.54	2.17	1.32	2.72
SERPINB5	0.6	0.48	0.48	0.6	0.78	0.3	0.6	1.54	0.85	0.95	0	0	0.6
SERPINF1	3.78	2.74	3.47	3.14	4.03	2.7	3.25	2.49	3.61	2.26	2.86	2.31	3.07
SERPING1	3.33	2.63	2.89	3.09	2.24	2.61	3.36	2.24	3.26	2.4	2.86	2.15	3.3
SFN	0.6	0.7	0.6	0.85	0.7	0.6	0.9	1.72	0.9	0.6	0.85	0.7	0.7
SFTPA1	1	0.9	0.95	0.95	0.9	1.18	1.08	0.3	0.9	1.08	0.9	0.78	0.85
SGPP2	1.32	1.04	1.26	1.43	1.18	1.11	1.2	1.23	1.28	1.11	1.11	1.2	1.45
SH2D1A	1.93	1.73	1.53	1.59	1.04	0.95	1.81	0.7	1.87	1.11	1.45	1.11	2.09
SH2D1B	0.95	0.85	1.32	2.77	0.85	0.85	1.15	0.3	1	1	0.9	0.7	1.04
SH2D2A	1.93	1.68	1.69	1.81	1.26	1.08	1.89	0.9	1.89	1.28	1.49	1.36	1.93
SIGLEC1	2.58	2.26	2.29	2.6	1.97	1.63	2.6	1.51	2.15	1.77	1.92	1.52	2.45
SIGLEC10	2.11	1.79	1.96	2.01	1.46	1.18	2.39	0.48	1.95	1.26	2	1.43	2.31
SIGLEC14	1.08	1.04	1.11	1.2	1.2	0.9	1.08	0.6	1.08	0.6	0.7	0.85	0.95
SIGLEC15	1.26	0.85	1.23	1.23	1.18	1.08	1	0.6	1.04	1	1.15	0.85	1
SIGLEC5	1.28	1.38	1.18	1.28	1.28	1.08	0.9	0.9	1.59	0.95	1.43	1.04	1.51
SIGLEC7	1.89	1.15	1.45	1.77	1.58	0.95	1.43	0.48	1.34	0.9	1.52	0.78	1.62
SIGLEC9	1.64	0.95	1.51	1.65	1.3	0.95	1.66	0.48	1.38	1.11	1.61	0.9	1.49
SIRPA	2.97	2.57	2.97	2.9	3.07	1.3	2.44	2.2	2.79	2.83	2.55	2.23	2.57
SIRPB1	1.82	1.26	1.54	1.53	1.3	1.41	1.56	1.2	1.56	1.41	1.53	1.45	1.75
SIRPG	1.41	1.32	1.04	1.26	1	0.85	1.32	0.7	1.26	1.08	1.36	0.95	1.6
SIT1	2.04	1.76	1.6	1.83	1.18	1.15	2	0.7	2.02	1.3	1.63	1.67	2.08
SLA	2.59	2.05	2.26	2.26	1.89	1.32	2.4	1.46	2.33	1.69	2.25	1.76	2.57
SLA2	1.81	1.51	1.69	1.51	1.28	1.08	1.61	0.9	1.79	1.11	1.18	1.32	1.8
SLAMF1	1.68	1.45	1.15	1.46	1.18	1.04	1.6	0.48	1.68	0.95	1.89	1.34	2
SLAMF6	1.43	1.08	1.34	1.36	1.08	0.9	1.46	0.95	1.57	0.95	1.26	1.15	1.76
SLAMF7	2.04	1.91	1.76	1.91	1.49	1	2.05	1.41	2.39	1.34	2.07	1.65	2.51
SLAMF8	2.03	1.43	1.56	1.78	1.38	1.15	1.94	0.85	1.71	1.15	1.57	1.08	1.96
SLC19A3	1.08	0.78	1.23	1.6	0.7	0.78	1.3	0.85	0.85	1.15	1.04	0	1.18
SLC22A18	1.8	1.94	1.45	1.83	1.63	0.78	1.78	1.23	1.57	1.53	1.48	1.53	1.66
SLC2A1	1.97	1.36	2.2	2.19	1.59	1	2	1.3	1.45	1.61	2.03	1.32	1.18
SLC30A1	2.55	1.86	2.89	2.32	2.05	1.32	2.51	1.68	2.07	2.43	2.25	1.83	2.32
SLC31A2	2.23	1.63	2.16	2.1	1.69	1.28	2.21	1.32	1.86	1.54	1.94	1.3	2.21
SLC39A6	2.96	2.59	3.63	2.4	2.71	1.65	2.66	2.63	2.69	2.97	2.42	2.6	2.61
SOCS3	2.54	2.35	2.76	2.32	1.76	1.57	2.56	2.38	2.06	2.01	2.18	1.72	2.11
SPN	1.96	1.62	1.72	1.73	1.11	0.7	1.76	0.85	1.83	1.11	1.52	1.57	2.09
SRPX	3.21	3.03	2.86	2.87	3.09	1.41	2.83	2.73	2.58	2.04	2.33	2.56	2.29
STARD10	1.34	1.65	1.96	1.32	1.68	1	1.11	1.26	1.49	1.9	1.2	1.26	1.26
STAT1	3.51	3.14	3.57	3.41	2.72	1.93	3.52	2.07	3.18	2.87	2.84	2.71	3.57
STAT3	3.04	2.96	3.14	3.07	2.85	2.17	2.92	2.65	2.85	2.86	2.72	2.63	2.89
STAT6	2.81	2.66	2.88	2.72	2.78	1.83	2.6	2.47	2.82	2.61	2.41	2.56	2.63
STK11IP	1.6	1.71	1.9	1.68	1.92	0.7	1.54	1.32	1.76	1.8	1.61	1.28	1.59
SULF1	3.07	2.15	2.35	2.47	1.52	1.62	2.61	1.28	2.71	1.41	2.97	1.23	2.38
SYK	2.37	1.99	1.86	2.17	1.93	1.4	2.35	0.9	2.23	1.52	2.01	1.77	2.35
SYP	1.11	0.95	1.11	1.2	1.41	1.11	1.2	1.38	1.26	1.23	1.18	1.36	1.23
SYTL2	2.29	2.03	2.32	1.9	2.49	1.56	2.11	1.77	2	1.67	2.09	1.97	2.1
TAGAP	2.15	2.06	1.8	2	1.63	1.3	2.21	1	2.21	1.43	1.94	1.75	2.33
TAP1	2.78	2.32	3.16	2.62	2.18	1.57	3.17	1.6	2.92	2.32	2.18	2.14	2.89
TAP2	2.66	2.36	3.28	2.52	2.18	1.43	2.73	2	2.55	2.39	2.07	2.24	2.66
TAPBP	3.08	2.68	2.86	3.01	2.73	2.05	3.15	2.52	3.2	2.52	2.63	2.54	3.03
TARP	2.21	1.41	1.45	1.38	1.23	0.9	1.64	0	1.81	1.04	1	1.18	2.14
TBC1D10B	2	1.87	2.2	1.87	2.04	1.2	2.06	1.83	2.11	1.86	1.61	1.36	2.01
TBP	2.11	1.96	2.53	1.95	2.18	1.2	2.24	1.78	2.11	2.25	1.84	1.68	2.06
TBX21	1.79	1.2	1.4	1.45	0.9	0.85	1.85	0.48	1.66	1.15	1.04	0.95	1.77
TCF7	1.98	2.34	2.02	1.32	1.2	1.08	2.09	1.68	2.03	1.18	1.48	1.95	1.84
TCF7L2	2.11	2.05	2.05	2.06	2.28	1.51	2.26	1.95	2.15	2.19	1.95	1.88	2.03
TCN2	2.59	2.31	2.81	2.38	2.75	1.46	2.28	1.63	2.16	1.73	2.07	1.34	2.3
TCTE1	0.3	0.48	0.6	0.95	0.9	0	0.3	0.48	0.48	0.78	0.48	0.78	0.9
TEK	1.43	1.08	1.26	1.4	1.08	0.95	1.49	0.7	1.2	1.04	1.2	0.6	1.15
TERT	0.95	1.18	1.08	1.08	1.66	0.7	1.04	1.34	1.04	0.95	1.04	1.23	0.95
TF	1	0.6	0.85	2.75	0.85	0.85	1.04	1.4	1.41	0.3	1.2	0.48	0.3
TGFB1	2.5	2.2	2.32	2.24	1.75	1.57	2.86	1.76	2.26	1.65	2.22	1.83	2.38
TGFBR2	2.87	2.6	2.6	2.79	2.93	2.08	2.87	2.35	2.76	2.5	2.52	2.32	2.77
TGFBR3	1.77	1.83	1.72	1.64	1.91	1.04	1.84	2.08	1.75	1.78	1.81	1.61	1.87
THEMIS	1.81	1.46	1.54	1.53	1.2	0.9	1.52	0.7	1.81	1.04	1.34	0.7	1.9
THY1	2.56	2.1	2.26	2.16	1.7	2.3	2.52	1.56	2.29	1.79	2.34	1.79	2.01
TIGIT	1.62	1.26	1.28	1.28	1	0.78	1.54	0.7	1.56	0.85	0.85	1.04	1.59
TIMD4	1.36	0	1	1.41	1.08	0.48	1.3	0.48	1.18	0.78	0.7	0.95	0.78
TIMP3	3.84	3.06	2.93	2.82	2.58	2.29	3.34	2.65	3.3	3.56	3.64	2.11	2.93
TIMP4	1.53	1.11	1.54	1.65	1.04	1.04	1.2	1.41	1.04	0.78	1.15	0.7	1.11
TMC1	0.6	0	0.7	0.3	0	0.3	0.85	0	0.3	0.48	0.3	0	0.6
TMC6	1.81	1.94	2.35	1.56	1.41	1.2	1.7	1.49	1.72	1.89	1.57	1.48	1.79
TMEM173	2.59	2.2	2.23	2.19	2.28	1.72	2.32	2.09	2.44	2.29	2.24	2.22	2.43
TMEM2	2.3	1.89	2.18	1.98	2.14	1.4	2.29	1.73	2	1.8	2.03	1.52	2.19
TMEM246	0.95	0.7	1.54	1.43	0.95	0.3	1.04	0.3	0	0.48	0.95	0.6	1.26
TMIGD2	0.85	0.7	0.48	0.85	0.6	0.6	0.95	0.78	1.08	0.48	0.78	0.78	0.6
TNF	1.98	1.56	1.86	1.92	1.4	1.15	2.06	0.7	2	1.18	1.52	1.61	2.02
TNFAIP3	2.47	2.47	3.05	2.38	1.69	1.34	2.57	2.18	2.48	2.15	2.21	2	2.46
TNFAIP6	1.08	1.08	1.43	1.2	1	1.08	1.45	0.9	1.23	1.08	1.32	0.85	0.7
TNFAIP8L2	2.02	1.3	1.7	1.87	1.45	1.2	1.88	0.7	1.82	1.18	1.68	1.26	1.95
TNFRSF10B	2.16	1.99	2.82	2.49	1.2	1.08	2.03	1.08	1.86	2.24	1.65	1.11	1.79
TNFRSF11A	1.57	1.15	1.4	1.61	1.08	0.85	1.28	0.85	1.64	1.08	1.34	0.9	1.28
TNFRSF13B	1.23	1.45	1.28	1.04	1	1.15	1.38	0.78	1.61	1.11	1.52	1.52	1.49
TNFRSF13C	1.85	2.2	1.63	1.15	1.74	1.08	2.03	1.61	2.15	1.36	1.93	2.13	1.87
TNFRSF14	2.66	2.69	3.14	2.39	3.12	1.41	2.35	2.16	2.65	3.22	2.43	2.2	2.77
TNFRSF17	1.77	1.81	1.48	1.66	0.95	0.85	1.93	0	2.61	1.41	2.15	1.4	2.59
TNFRSF18	1.51	1.34	1.4	1.41	1.08	0.95	1.48	1	1.53	0.95	1.67	1.18	1.32
TNFRSF19	2.47	2.22	2.46	2.83	1.32	1.2	2.02	1.93	1.45	1.92	1.86	2.04	1.68
TNFRSF1B	2.48	2.11	2.02	2.28	1.97	1.6	2.49	1.63	2.23	1.68	2.09	1.64	2.44
TNFRSF21	2.54	2.34	2.39	2.54	2.7	1.43	2.01	2.16	2.04	1.97	2.2	1.81	1.64
TNFRSF25	1.67	1.79	1.43	1.32	1.15	0.95	1.78	1.04	1.74	0.9	1.45	1.15	1.57
TNFRSF4	1.63	1.36	1.34	1.43	1.23	0.3	1.26	0.6	1.57	1.26	1.15	1	1.41
TNFRSF8	1.15	0.9	1.3	1	1.04	0.6	1.36	0.48	1.49	0.78	1.2	0.6	1.26
TNFRSF9	1.77	1.41	1.41	1.72	1.2	1	1.67	1.08	1.74	1.2	1.46	1.36	1.8
TNFSF10	2.69	2.31	2.39	2.82	1.6	1.83	2.81	1.53	2.29	1.83	2.25	2.05	2.62
TNFSF11	1.08	1.04	0.95	1	0.78	0.95	0.95	0.6	1.18	0.78	0.85	1.04	0.9
TNFSF13	1.98	1.76	1.46	1.66	1.58	1.36	1.92	1.26	1.86	1.32	1.73	1.49	2.09
TNFSF13B	2.64	2.05	2.3	2.92	1.97	1.26	2.99	0.7	2.36	1.86	2.24	1.43	2.57
TNFSF14	1.38	0.95	1.3	1	0.9	0.85	1.49	0.48	1.36	0.78	1.08	0.78	1.46
TNFSF15	1.61	1.28	1.04	1.45	1.23	0.9	1.62	0.85	1.52	1	1.36	0.85	1.65
TNFSF18	1.52	0.7	1.18	1.32	1.11	0.85	1.23	0.78	1.23	0.7	1.15	0.48	1.11
TNFSF4	2.17	1.52	1.81	1.84	1.3	1.3	1.61	1.08	1.69	1.45	2.03	1.28	1.68
TNFSF8	1.76	1.38	1.59	1.66	1.36	1.36	1.62	0.6	1.72	0.95	1.52	0.9	1.61
TNFSF9	1.62	1.2	1.34	1.9	1.6	1.04	1.3	1.15	1.4	1.41	1.36	1.15	1.49
TNK1	1.34	1.26	1.28	1.48	1.34	1.08	1.46	0.48	1.63	0.85	1.38	0.9	1.34
TOB1	2.39	2.44	3.48	2.25	2.46	1.43	2.25	2.15	2.41	2.69	1.92	1.77	2.51
TOX	1.91	1.58	1.45	1.59	1.76	1.11	1.64	0.78	1.87	1.41	1.41	0.7	2.01
TOX3	0.7	0	0.48	1.15	1.46	1.04	0.7	0.6	0.9	0.78	0.7	0.6	0.9
TP53	2.45	1.92	2.45	2.43	2.76	1.59	2.19	1.3	2.65	2.38	2.16	1.65	2.44
TP63	1.04	0.85	0.78	1.18	1	0.7	1.11	1.23	1.15	0.7	1.15	0.7	0.9
TRAT1	1.89	1.64	1.67	1.58	1.15	1.04	1.72	0.7	1.8	1.08	1.23	1.28	2.18
TREM1	2.22	1	1.64	2.42	1.08	1.15	1.81	0.85	1.08	1.2	2.02	0.48	1.08
TREM2	2.38	1.94	2.03	2.16	2.14	1.36	2.13	1.3	2.15	1.88	2.32	1.28	2.05
TREML1	1.26	1.2	1	1.26	1.41	1.15	1.3	0.7	1.45	1.18	1.36	1.26	1.28
TREML2	1.3	1	1.26	0.95	0.7	0.7	1.41	0.3	1.2	1	0.7	1.23	1.11
TREML4	1.08	0.6	0.3	0.48	0.78	0.9	0.7	0	0.78	0.85	0.7	0.48	0.78
TRIM16	1.23	0.95	1	0.78	0.85	0.85	0.9	0.3	1.04	1.04	1	0.7	0.95
TRIM21	2.21	1.96	2.08	2.23	1.76	1.08	2.33	1.36	2.11	1.72	1.81	1.63	2.25
TRIM29	0.78	0.3	0.95	0.3	1	0.48	0.78	1.34	0.78	0.85	0.3	0.6	0.3
TSLP	0.6	0.85	0	0.6	1	0.6	0	0.48	0.7	0	0	0.7	1.23
TSPAN32	1.41	1.08	1.15	1.11	1.08	0.9	1.4	0.95	1.45	1	0.85	0.95	1.43
TULP1	0.9	0.6	0.78	1	1.11	0.9	0.85	0.6	1	1	0.85	0.85	0.85
TYK2	2.43	2.31	2.57	2.4	2.59	1.52	2.52	2.07	2.51	2.21	2.29	2.12	2.42
TYR	3.67	2.76	3.32	2.97	3.35	1.34	0.6	2.69	3.05	3.48	2.68	2.68	3.19
TYRO3	2.21	2.51	2.15	1.96	1.83	0.7	1.53	2.05	2.19	2.6	1.81	2.21	1.81
TYROBP	3.64	2.84	3.11	3.41	3.1	2.24	3.42	1.93	3.13	2.73	3.16	2.04	3.43
UBASH3A	1.64	1.26	1.32	1.26	1.18	0.6	1.54	0.48	1.62	0.95	0.9	1.04	1.58
UBASH3B	2.27	1.86	2.13	1.95	1.58	1.04	2.36	1.6	1.85	1.32	1.88	1.85	2.08
UBB	3.82	3.22	4.23	3.76	3.9	2.61	3.55	3.11	3.84	3.78	3.3	3.12	3.74
UBE2C	2.23	2.35	2.63	2.22	2.64	1.32	2.54	2.44	2.42	2.19	2.15	2.42	2.28
ULBP1	1.18	0.7	1.04	1.26	1.08	0.9	1.2	0.48	1.11	1.08	1.04	0.78	0.9
VCAM1	2.52	2.09	2.03	2.32	1.23	1.59	2.51	1.2	2.41	1.7	2.36	1.85	2.41
VEGFA	2.81	2.05	2.72	2.94	2.68	1.38	2.97	2.17	2.3	2.1	3	1.89	1.97
VIM	4.44	4.28	4.39	4.23	4.23	3.19	4.26	3.75	4.21	3.93	3.95	3.57	4.13
VTCN1	0.78	0	0.3	0.6	0.85	0.78	0.6	0.6	0.95	0.48	0.78	0.78	0.85
WT1	1	0.9	0.48	0.9	0.7	0.9	1.15	0.48	0.85	0.9	0.6	0.6	0.95
XIST	1.04	0.6	0.6	2.9	3.55	2.14	1.3	3.01	3.35	3.39	2.33	2.55	1.15
ZAP70	2.09	2.07	1.83	1.62	1.36	1.08	1.93	1.04	2.16	1.08	1.54	1.72	2.21
ZBTB16	1.45	0.85	0.7	1	1.18	0.6	1.46	1.94	1.34	1.15	1.4	0.78	1.11
ZBTB32	0.9	0	0.9	1.15	0.85	0.78	1.04	0.48	1.15	0.6	0.78	1.18	0.9
ZBTB34	2.11	1.88	2.1	1.88	2.17	1.2	2.05	1.43	1.89	1.97	1.83	1.66	1.98
ZEB1	2.04	2.03	1.51	1.73	1.57	1.26	2.06	1.28	1.79	1.26	1.9	1.52	1.81
ZEB2	2.42	2.04	2.4	2.25	2.61	1.32	2.25	1.8	2.41	2.51	2.1	1.7	2.37
