5	7	8	9	10	18	19	22	23	25	31	37	42	43	47	50
ACO2	9.795	10.35	10.35	9.471	10.28	10.74	9.424	11.02	9.905	9.974	9.798	10.26	10.02	10.27	9.806	11.08
ACTB	15.25	15.72	15.34	15.18	15.19	15.38	14.04	15.36	14.79	15.67	15.15	16.23	15.52	15.22	15.7	15.6
ACVR1C	5.603	8.303	7.298	4.851	5.177	4.329	6.177	5.578	4.347	4.454	6.385	4.926	4.097	7.155	5.566	7.671
ACVR2A	7.545	9.168	9.345	8.11	9.563	9.123	7.137	7.771	8.178	8.41	7.587	8.833	7.768	8.338	8.797	7.288
ACVR2B	6.173	6.846	6.604	6.632	5.886	6.067	7.226	7.848	6.175	6.177	7.555	7.16	7.257	6.461	7.212	8.01
ADA	6.532	8.254	7.986	6.805	6.277	7.806	6.66	5.578	6.558	7.476	7.419	7.466	7.304	8.03	7.759	6.985
AIM2	6.428	6.058	4.45	5.568	4.692	6.6	8.672	6.43	6.065	7.486	6.938	6.801	6.846	3.496	7.383	5.28
ALAS1	8.659	9.32	9.303	8.81	8.956	8.92	8.66	8.241	8.737	8.916	8.823	9.251	9.073	8.517	9.068	9.883
ALCAM	9.315	9.629	9.911	8.523	9.468	8.076	7.612	9.459	8.567	9.053	7.239	8.683	8.757	7.259	9.211	9.149
AMICA1	9.164	9.896	9.722	8.994	9.98	9.713	8.089	8.083	8.178	10.42	9.209	9.716	9.959	7.817	9.963	8.342
AMIGO1	4.517	2.113	5.801	3.266	3.287	4.178	4.648	5.649	4.577	4.923	3.434	0.1713	5.395	3.566	3.094	3.963
AMIGO2	6.613	8.135	7.683	6.469	6.494	6.191	5.29	8.957	5.772	7.29	6.781	9.464	7.672	9.454	7.135	6.6
AMIGO3	5.116	0	2.935	3.693	3.107	1.086	3.284	4.046	2.648	2.908	3.286	0	4.53	3.697	1.957	2.604
ANGPT1	7.486	9.741	8.082	7.54	7.727	7.366	9.415	8.772	8.434	7.075	7.269	9.422	6.024	7.061	7.641	5.28
ANGPT2	9.137	8.09	9.598	7.399	9.047	7.806	6.085	7.412	8.133	11.88	7.618	8.916	7.066	8.596	8.032	6.735
ANGPT4	3.945	0	4.883	2.315	0	0	2.846	5.059	3.155	0.5865	2.469	0	3.021	2.985	1.22	0
AOC3	8.502	12.2	10.36	8.409	7.462	8.793	5.662	5.781	8.303	6.968	8.613	10.08	7.734	9.637	9.371	7.505
ARG1	4.976	10.76	6.52	7.444	11.92	6.833	2.846	3.819	4.95	6.912	3.434	11.71	3.339	3.979	7.906	3.21
ARG2	7.137	3.698	4.772	3.362	5.082	4.399	2.968	8.444	5.311	5.363	5.334	6.194	5.462	4.38	3.094	1.988
B2M	17.25	16.74	16.07	15.91	16.11	16.83	16.47	15.93	16.63	17.6	16.25	16.37	16.81	14.43	16.43	15.77
BATF3	4.517	2.961	4.216	3.9	3.107	3.917	4.365	2.172	4.728	3.992	3.91	0	5.884	5.577	3.542	3.21
BCAM	7.634	9.616	9.231	7.953	8.079	7.584	5.817	6.72	8.484	6.968	8.067	9.288	7.267	8.12	8.131	6.948
BCAN	6.846	3.878	2.713	5.506	6.142	3.917	0	0	5.404	4.923	0	8.01	3.918	10.07	0	0
BECN1	10.92	11.14	10.78	10.01	10.99	10.24	10.98	10.2	10.42	10.72	10.66	11.09	10.12	9.502	11.18	10.53
BGN	9.728	10.38	8.596	9.305	9.606	10.47	7.794	8.096	9.164	8.895	9.402	12.34	11.16	10.71	10.99	10.4
BID	7.724	8.602	8.035	7.754	8.116	7.561	7.64	8.383	8.6	8.238	8.213	8.395	8.511	7.863	8.72	8.702
BMPR1A	9.657	10.42	10.32	9.162	9.78	9.706	9.79	9.464	9.516	9.384	10.05	10.31	9.394	8.99	10.1	9.818
BMPR1B	5.89	7.456	7.546	3.9	6.457	7	7.712	7.392	4.629	0.5865	6.232	8.264	3.475	5.168	8.817	6.936
BMPR2	9.078	10.49	10.04	9.472	10.56	9.448	10.43	10.03	9.593	10.03	9.557	10.58	10.05	9.092	10.5	10.98
BST2	13.9	12.78	10.96	10.54	11.65	11.74	13.99	10.38	11.68	14.59	13.54	11.93	13.34	11	11.72	12.78
C3	9.125	11.32	11.22	10.16	10.28	10.44	7.021	8.78	10.55	10.06	11.57	7.466	10.34	10.23	11.55	7.992
C5	6.277	5.857	6.571	5.97	6.36	5.674	5.218	6.304	6.794	6.314	5.99	5.216	5.757	5.453	6.078	4.976
CADM1	9.833	8.395	8.563	7.048	8.581	8.964	9.346	11.89	10.32	10.33	7.48	8.395	9.385	6.947	7.916	10.73
CADM2	5.665	5.722	6.278	4.339	4.154	5.288	4.068	4.242	4.908	4.979	4.486	5.301	4.76	4.455	5.19	4.147
CADM3	7.478	8.912	7.903	7.56	6.777	5.173	5.061	5.254	5.212	6.644	8.032	7.484	6.46	6.144	6.835	2.329
CADM4	8.73	7.456	7.338	7.306	7.216	4.178	5.716	8.229	8.728	7.29	5.891	7.183	6.673	6.921	6.322	6.569
CALR	14.42	13.78	13.24	12.9	13.62	13.74	14.19	12.4	13.88	13.46	13.77	13.96	13.69	13.1	14.25	13.98
CANX	13.14	13.05	12.93	13.1	12.81	13.07	11.57	12.51	12.76	12.99	12.17	13.4	12	12.98	12.51	12.43
CARD11	6.749	5.406	5.961	5.149	5.858	5.932	6.623	6.117	4.728	7.138	7.057	6.829	7.5	4.596	5.939	5.2
CASP1	9.851	10.44	11.76	8.478	11.13	9.13	10.63	7.818	10.54	11.73	10.33	9.548	10.27	7.523	9.059	11.61
CASP3	10.07	9.815	10.02	9.884	10.5	9.662	10.07	10.31	10.85	9.983	10.23	10.23	10.52	9.179	10.16	9.684
CASP4	9.081	10.07	9.985	8.554	10.19	8.75	9.733	8.297	9.345	10.89	9.183	10.48	9.503	7.957	9.157	8.346
CCBP2	5.942	8.205	5.909	6.073	6.601	5.325	3.082	3.819	4.408	5.665	4.267	6.679	5.395	5.318	6.505	4.71
CCL1	0.5587	3.25	0.1281	2.495	4.485	0.1682	2.563	2.172	1.86	1.965	0.3988	0.1713	3.339	1.78	0	0
CCL11	4.517	4.546	3.713	4.136	2.007	5.932	3.544	4.708	7.509	4.373	4.845	3.872	6.191	5.318	6.481	6.184
CCL13	6.498	10.22	10.28	8.749	9.691	7.139	8.718	8.665	7.782	9.7	7.786	8.188	10.31	7.992	9.184	7.708
CCL14	8.315	10.1	10.14	8.223	9.138	8.378	3.284	0	6.861	6.27	8.99	11	6.341	8.07	9.195	4.767
CCL15	7.495	7.259	6.698	6.447	7.026	6.87	5.359	8.69	6.387	7.515	6.589	8.524	5.429	6.666	7.536	6.006
CCL16	3.474	3.25	3.45	3.362	3.592	4.009	1.441	2.172	3.415	2.657	3.692	4.695	2.614	2.505	4.279	1.54
CCL17	7.87	6.058	8.1	4.817	7.945	6.443	6.016	4.835	4.629	6.314	6.367	4.695	7.813	4.171	6.733	3.507
CCL18	8.865	8.902	8.896	11.33	11.75	8.352	7.932	3.55	7.191	10.3	10.78	8.975	11.85	8.631	13.04	10.54
CCL19	10.36	9.613	9.875	8.05	9.728	8.032	8.993	2.172	8.035	9.812	9.531	9.099	10.59	8.114	9.463	4.71
CCL2	8.811	10.24	10.15	9.281	10.11	9.198	8.374	10.34	9.331	10.13	9.029	9.964	10.94	9.585	10.48	8.234
CCL20	6.277	6.234	5.935	4.08	4.872	4.178	6.669	7.392	6.046	5.559	4.185	5.529	8.066	3.496	6.815	9.713
CCL21	12.3	9.919	8.499	6.234	10.43	7.857	10.02	0	7.267	8.518	7.488	9.535	10.07	5.854	7.663	3.366
CCL22	6.373	7.029	7.75	5.253	8.202	5.526	4.32	4.415	3.995	6.479	5.916	6.829	6.782	4.897	6.646	4.31
CCL23	0.5587	0	3.128	1.867	2.37	0	0	0	2.43	0.5865	3.91	1.756	2.356	2.188	3.542	0
CCL24	5.603	5.857	7.347	3.693	1.522	2.831	2.398	0	1.86	3.992	3.286	6.438	4.4	3.084	3.094	3.753
CCL25	4.375	3.491	2.45	0	0	2.356	0	1.072	3.635	3.622	0	0.1713	3.819	2.188	1.957	1.988
CCL26	3.841	3.698	3.829	3.452	4.485	3.188	2.968	4.835	3.995	2.352	3.805	4.815	3.599	3.566	0	2.329
CCL27	3.165	9.755	9.514	8.883	11.78	9.876	0	5.16	4.466	8.583	0.3988	0	3.713	0.8092	8.446	2.836
CCL28	10.36	9.133	9.797	8.919	8.745	8.591	8.928	5.16	9.845	9.751	8.655	8.498	7.384	10.31	8.346	8.588
CCL3	7.85	9.202	9.459	8.901	7.553	8.005	8.447	7.193	9.262	9.274	8.273	8.752	8.387	9.565	9.944	8.091
CCL4	7.253	8.09	7.829	7.869	7.26	6.907	7.866	3.819	7.431	9.371	8.321	8.489	8.475	7.519	8.074	7.1
CCL5	8.879	9.003	8.189	8.533	8.963	8.86	9.639	4.569	8.124	11.53	10.02	10.41	10.28	6.941	8.082	7.436
CCL7	4.375	5.283	3.45	5.037	4.754	5.133	3.621	5.842	4.775	5.276	4.791	5.726	5.783	5.338	6.322	4.651
CCL8	4.218	7.704	8.512	6.698	5.829	7.348	5.425	7.239	6.711	8.887	7.022	7.269	7.295	7.532	7.81	5.2
CCR1	6.886	7.539	7.117	8.061	7.051	7.657	6.669	8.453	7.503	8.574	7.563	7.851	8.392	7.451	9.729	7.602
CCR10	5.244	5.463	5.257	4.08	3.287	3.712	3.763	4.951	4.146	3.622	8.529	6.28	5.979	6.713	7.997	4.231
CCR2	6.532	6.611	7.059	7.091	7.414	7.149	6.044	4.569	7.111	8.321	7.522	6.71	8.885	4.869	7.212	3.366
CCR3	4.646	4.835	3.298	3.963	4.754	1.642	3.284	5.781	4.283	4.604	3.692	5.663	4.097	1.78	5.657	0
CCR4	6.277	5.463	6.713	4.339	5.466	5.173	3.544	0	4.821	5.796	6.9	4.419	6.191	3.263	5.19	3.862
CCR5	6.548	6.02	6.338	6.805	6.907	7.219	7.232	7.262	6.711	8.902	7.454	7.227	7.686	4.784	7.257	5.464
CCR6	5.967	4.745	5.298	4.385	6.438	4.76	3.462	3.819	3.155	4.979	4.845	4.926	5.809	0	4.589	3.035
CCR7	8.955	5.941	5.082	4.748	5.503	5.36	6.164	3.219	4.865	6.104	8.044	5.381	7.267	4.34	5.363	2.836
CCR8	5.203	4.039	5.338	3.693	3.955	4.256	3.829	2.172	3.529	5.972	4.996	0	5.462	2.188	0	4.147
CCRL1	8.167	10.22	8.761	8.564	10.31	9.641	5.267	5.781	8.404	8.337	6.348	9.373	6.131	7.451	7.84	6.416
CD109	6.962	8.998	8.88	7.371	9.534	8.28	6.687	7.921	6.996	6.314	7.853	8.722	7.19	6.986	8.999	9.822
CD14	10.32	11.25	10.37	10.29	9.383	10.59	9.47	11.02	10.98	11.58	10.84	11.4	11.53	10.85	12.72	10.5
CD19	8.77	4.745	4.829	5.327	0.7846	4.399	6.948	4.569	4.146	5.764	7.555	6.054	8.906	4.125	5.701	1.988
CD1A	4.375	7.617	7.883	5.721	8.133	5.617	4.976	2.788	3.005	6.868	4.185	5.301	4.179	2.355	6.349	0
CD1B	4.375	6.505	7.059	3.362	6.634	5.674	3.187	1.072	4.865	5.404	3.569	4.078	5.495	2.985	3.722	0
CD1C	5.284	7.728	7.829	5.684	7.876	7.189	3.284	2.172	5.434	6.225	5.544	4.815	5.289	3.979	6.733	0.8881
CD1D	5.991	3.878	3.128	3.693	0	5.462	4.409	4.415	4.728	5.522	6.695	3.631	6.555	4.724	6.143	3.035
CD1E	4.976	6.361	7.308	5.122	6.298	6.508	2.968	4.708	4.908	4.195	4.486	4.419	5.395	2.985	5.518	3.507
CD200	10.39	8.188	8.616	9.416	8.382	7.417	6.287	8.109	9.577	10.55	7.383	7.972	9.586	7.316	8.346	8.794
CD200R1	4.299	5.406	5.801	4.023	5.349	4.958	3.954	0	1.86	4.531	5.043	0	3.713	4.3	5.468	0
CD209	8.173	9.411	8.989	7.845	8.397	8.208	6.125	7.672	7.741	9.299	8.258	9.454	7.636	8.43	9.348	6.585
CD22	9.618	6.234	6.172	7.012	5.266	10.92	7.802	6.618	6.084	7.312	8.117	7.09	9.772	5.358	7.607	6.585
CD244	3.729	1.376	5.172	4.189	4.557	5.091	3.082	0	4.408	6.419	4.185	6.28	6.191	0.8092	3.542	1.54
CD247	8.391	6.42	6.683	6.622	6.419	7.285	7.355	4.046	6.611	8.47	8.517	7.52	8.383	5.234	6.69	5.023
CD274	6.463	6.585	6.298	6.115	6.045	6.794	7.238	7.239	6.446	9.123	6.191	6.801	7.665	4.527	6.815	6.469
CD28	7.341	6.131	6.588	5.703	6.119	6.067	5.29	6.013	6.157	6.678	7.419	7.205	7.409	6.233	6.911	5.628
CD34	8.386	12	10.29	9.69	9.378	9.591	6.66	6.259	8.636	8.155	9.483	11.06	7.87	10.11	9.882	7.48
CD3D	9.915	8.652	8.942	8.064	8.798	8.767	8.956	4.708	8.319	10.32	9.632	9.146	9.918	6.443	8.049	6.536
CD3E	9.174	7.526	7.916	6.935	7.727	7.706	7.936	4.242	7.267	9.172	9.183	8.177	8.971	5.706	7.151	5.882
CD3G	8.983	7.862	7.89	7.084	7.91	7.643	7.654	3.819	6.861	9.187	8.663	8.524	8.614	5.145	6.505	6.098
CD4	9.222	9.874	9.315	9.088	8.939	9.433	7.747	8.434	9.061	10.15	9.335	9.616	9.95	9.054	10.25	8.815
CD40	8.48	9.479	9.153	8.201	8.783	8.546	8.24	9.195	8.015	9.674	9.105	9.924	10.01	7.849	9.055	7.723
CD40LG	6.613	5.519	6.636	4.516	5.13	5.494	4.648	4.835	4.216	5.32	6.95	4.815	6.444	3.697	5.307	2.329
CD44	12.99	13.44	13.61	12.12	13.23	13.58	13.37	13.09	11.93	14.07	13.86	13.14	12.86	12.98	13.52	12.27
CD45R0	10.12	10.44	10.11	9.699	10.34	10.36	9.408	9.76	10.16	11.16	10.37	10.13	10.98	8.693	10.16	9.141
CD45RA	9.3	6.661	6.486	5.703	5.266	6.427	6.433	0	5.626	7.088	7.744	6.801	8.455	4.171	5.518	3.035
CD45RB	8.527	7.83	7.793	7.789	7.781	8.334	6.757	5.254	7.495	9.04	8.253	8.949	8.535	6.559	8.909	7.155
CD48	9.628	7.785	8.178	7.342	7.671	8.016	7.332	4.708	8.02	8.797	9.149	7.687	9.282	6.049	8.4	6.647
CD68	8.671	9.289	8.783	9.859	8.258	8.866	8.647	8.922	8.516	10.39	10.08	9.921	10.42	9.478	12.17	10.68
CD70	4.299	5.346	3.935	4.189	7.171	3.818	6.016	7.638	3.826	4.923	4.486	4.259	5.429	3.758	4.764	0
CD72	6.316	5.148	4.652	5.278	3.844	5.587	4.573	5.842	4.775	7.386	5.408	6.054	5.835	3.423	4.027	5.882
CD74	13.83	14.08	13.71	13.57	12.72	13.86	13.8	13.45	12.7	15.02	13.96	14.35	14.87	12.44	14.23	13.95
CD79A	10.53	4.92	6.815	8.963	7.076	7.247	6.748	0	6.805	8.865	8.768	9.218	10.78	4.562	5.363	5.28
CD79B	5.942	0	3.298	4.598	3.107	2.613	3.082	1.072	3.826	3.992	4.845	2.493	6.601	3.758	0	1.54
CD80	5.435	4.039	3.45	5.721	6.045	5.978	5.425	6.785	5.651	6.498	5.699	4.815	6.954	4.693	6.143	6.662
CD81	13.01	14.34	14.35	13.03	13.78	14.52	12.28	13.35	13.2	13.19	13.3	13.36	13.27	12.99	13.38	13.67
CD86	6.705	6.33	6.432	7.026	7.026	7.076	6.164	7.491	7.064	8.105	7.374	7.16	7.607	5.867	8.193	7.602
CD8A	8.989	7.905	7.172	7.105	8.151	7.629	9.162	4.046	7.46	10.77	9.397	8.833	8.988	5.489	7.329	7.228
CD8B	7.273	6.71	5.713	5.327	5.968	5.756	6.678	4.951	5.519	8.243	7.505	7.227	6.858	4.455	5.902	5.241
CDH1	10.12	11.49	12.48	9.669	12.57	9.358	11.3	4.835	10.41	12.07	4.008	12.07	10.19	2.985	10.82	5.717
CDH2	9.103	0	4.772	6.855	7.375	8.027	5.644	10.17	9.015	8.255	10.63	7.639	6.586	4.841	6.044	7.786
CDH3	6.108	8.805	9.52	8.325	9.923	9.512	4.534	0	7.251	8.054	2.721	10.81	9.164	8.008	10.79	5.565
CEACAM1	7.126	4.183	8.156	4.189	4.485	7.159	7.344	0	4.865	8.713	5.812	4.564	7.392	2.188	6.111	7.807
CEACAM16	2.229	2.113	2.128	2.656	1.522	1.642	1.054	2.788	0	0	1.777	1.756	2.832	0	2.805	0
CEACAM19	3.474	4.315	5.216	5.463	4.557	5.288	0	5.781	4.466	3.474	4.417	6.237	3.339	3.423	3.542	4.231
CEACAM20	3.945	0	0	6.045	0	0	0	2.172	0	0	0	0	1.643	0	0	0
CEACAM21	5.47	2.961	1.128	4.748	2.659	5.048	5.115	4.708	4.347	5.857	5.132	2.493	5.884	4.492	4.844	4.456
CEACAM3	0	3.698	0.1281	0	0	0	0	0	0	0	1.777	1.756	2.043	0	0	0
CEACAM4	5.435	4.745	3.128	3.362	2.9	4.096	0	5.503	3.635	5.183	3.91	0	4.863	2.641	5.468	0
CEACAM5	3.474	3.878	7.298	0	3.592	0	1.746	1.072	2.43	3.756	0	5.726	3.021	0	3.542	0
CEACAM6	5.89	7.242	9.088	4.884	2.007	0	3.082	0	4.283	2.908	4.267	6.581	3.819	3.697	5.744	0
CEACAM7	4.375	2.113	6.318	1.215	1.522	0	2.846	0	3.529	0	2.469	0	3.475	2.355	4.027	0.8881
CEACAM8	4.042	0	0	1.215	0	0	0	2.788	3.155	0	0	0	3.339	3.423	3.094	0
CELA1	4.976	4.315	2.713	2.931	0	2.613	3.284	3.55	4.146	2.352	3.434	0	4.466	3.633	5.307	0
CERCAM	9.402	11.09	9.983	9.481	10.39	11.91	9.784	11.27	10.8	9.184	11.81	12.09	9.872	11	11.88	9.909
CERK	8.655	9.046	9.671	9.859	9.529	10.01	9.374	10.57	9.155	9.228	9.938	9.712	9.149	8.724	10.61	11.59
CHIT1	6.832	8.827	8.876	9.164	7.869	4.862	4.976	3.219	6.794	9.848	3.805	6.679	8.022	4.492	5.518	7.974
CHL1	9.756	5.941	8.333	4.978	8.487	4.862	6.401	5.781	9.887	9.506	7.579	6.28	6.883	3.633	4.764	8.411
CHUK	9.944	10.14	9.82	9.085	9.969	9.334	9.786	9.908	9.443	10.14	10.04	10.29	9.316	9.53	10.82	9.894
CIITA	8.454	9.219	8.298	7.972	8.445	8.58	8.445	7.878	7.174	9.825	9.275	9.087	9.179	6.405	9.063	8.188
CKLF	8.261	6.559	7.059	6.501	6.907	7.787	7.663	7.818	7.976	7.386	7.401	7.09	8.252	6.346	7.595	6.973
CLEC4E	7.717	6.559	6.011	5.527	2.659	6.615	3.893	2.788	6.724	7.896	5.577	7.749	7.459	4.527	5.612	6.778
CLEC4M	7.709	0	0	0	0	2.043	3.376	3.219	0	0	3.121	0	4.01	1.998	3.542	1.54
CLEC6A	1.854	0	0	1.215	0.7846	0	0	0	1.86	1.434	2.469	0	2.043	0	3.335	0
CLEC7A	8.386	9.415	8.675	9.585	9.567	9.21	8.246	9.573	8.737	9.965	8.521	10.01	10.18	7.39	10.19	9.447
CLTC	11.2	12.12	12.1	11.55	12.43	12.32	11.37	8.423	12.08	11.87	11.65	11.93	11.42	12.16	12.48	11.92
CMA1	2.772	8.365	8.648	6.959	8.478	8.118	0	0	6.759	6.459	3.569	7.371	0	5.026	6.601	0
COX5A	10.96	11.5	11.55	10.66	11.35	11.76	10.73	10.26	11.02	10.91	10.82	11.11	11.19	11.47	11	11.44
CR1	8.405	6.971	6.801	7.306	5.8	6.6	7.244	8.473	7.986	8.765	9.16	8.166	9.024	8.064	9.819	6.997
CR2	8.096	0	2.713	1.867	2.9	2.043	6.085	0	3.529	0	4.677	3.341	7.755	1.78	4.279	3.753
CRADD	9.206	8.144	8.183	7.503	7.647	6.954	7.818	8.362	7.474	7.806	7.751	8.285	7.714	6.515	7.925	9.724
CRP	3.607	5.148	2.935	2.656	3.287	2.356	3.284	4.569	2.648	1.434	3.569	4.419	3.918	4.078	5.19	2.604
CSF1R	9.503	10.47	9.929	9.514	9.195	9.85	7.65	10.05	10.01	10.49	10.07	10.56	10.39	9.506	10.4	9.361
CSRP1	12.58	11.64	12.34	10.64	10.44	12.07	10.96	11.65	11.76	10.87	11.41	11.44	11.28	10.7	10.81	10.68
CTLA4	8.502	7.428	8.221	5.568	7.355	7.348	7.232	5.503	7.006	8.92	8.413	7.29	8.906	6.479	6.53	8.868
CTNNB1	13.91	13.89	14.09	12.63	13.28	14.28	13.88	12.23	13.77	14.24	13.87	13.49	13.6	12.37	13.54	15.09
CTSB	13.96	13.15	13.15	13.61	14.69	13.02	14.12	13.28	13.94	14.2	13.49	13.86	14.72	12.96	15.73	14.57
CTSE	4.707	1.376	0	2.931	3.723	4.178	4.365	3.219	3.995	2.352	2.469	2.493	4.33	3.758	3.542	2.604
CTSG	4.926	9.547	9.809	7.231	8.528	7.584	3.376	0	7.723	7.245	4.897	8.232	2.614	6.121	9.255	4.058
CTSL1	9.253	10.29	10.07	10.2	9.446	10.7	9.122	10.14	10.06	9.837	8.504	11.03	10.31	10.85	12.19	10.12
CTSS	11.81	12.42	11.41	12.3	11.64	12.4	10.86	10.84	11.63	13.36	11.51	12.09	12.92	11.51	13.07	11.8
CTSV	4.218	5.283	7.047	4.851	6.618	2.831	2.711	0	3.291	2.352	1.247	6.149	3.021	4.924	6.854	3.366
CX3CL1	7.935	9.378	9.505	6.689	8.139	8.179	7.55	7.169	8.204	8.294	9.072	8.489	7.554	6.376	6.143	5.394
CX3CR1	6.216	7.873	7.896	7.173	7.773	8.266	5.29	7.602	8.106	7.615	7.428	7.865	6.493	5.961	6.966	4.385
CXCL1	8.056	7.104	9.293	6.563	7.25	3.021	11.76	6.687	9.408	6.678	7.383	9.535	7.409	6.728	11.49	8.219
CXCL10	8.787	9.366	8.128	9.683	7.904	10.76	11.38	6.582	10.61	13.29	9.495	10.22	11.93	7.428	8.741	7.821
CXCL11	6.515	7.915	6.948	7.503	6.211	8.613	9.55	5.503	8.287	10.72	7.744	9.045	9.855	5.675	6.174	5.658
CXCL12	10.92	14.23	13.96	11.7	12.05	11.74	8.222	6.72	11.06	11.01	11.59	13.33	11.8	11.24	12.28	11.61
CXCL13	6.705	4.039	2.128	3.693	0	4.329	3.829	2.172	6.103	6.052	5.132	0	5.703	2.985	0	3.635
CXCL14	10.64	16.13	15.4	14.44	15.46	13.19	6.895	10.98	12.91	13.91	12.19	15.51	8.794	12.19	14.33	8.337
CXCL16	8.556	8.664	9.014	8.664	8.898	8.639	7.936	8.698	9.11	9.166	8.545	9.218	9.632	7.931	10.1	8.878
CXCL17	6.108	0	2.935	3.266	4.244	0	1.441	0	2.838	0	3.121	0	1.643	0	4.39	0
CXCL2	8.02	9.198	8.721	6.356	7.101	5.526	5.801	6.785	9.212	6.955	8.373	8.414	8.515	8.549	10.52	6.52
CXCL3	6.446	7.275	6.468	5.739	6.531	4.466	6.334	7.144	7.53	5.916	7.188	7.16	7.636	7.253	9.963	6.616
CXCL5	4.765	0	2.45	0	0.7846	0.1682	1.746	5.578	3.734	2.352	3.286	0.1713	6.249	2.641	8.325	5.2
CXCL6	5.754	5	4.588	4.08	4.409	4.096	4.068	8.512	5.029	3.992	5.371	5.457	4.959	4.171	5.566	4.456
CXCL9	9.557	10.79	9.411	9.901	8.421	10.76	10.46	5.716	10.82	13.66	11.24	12.02	12.45	8.333	8.465	8.831
CXCR4	12.2	9.437	10.83	8.973	9.687	9.788	8.642	11.1	11.17	9.882	11.06	9.18	11.59	10.03	10.64	10.52
CXCR6	6.277	4.315	5.588	5.721	6.095	6.286	5.942	2.788	6.243	8.909	6.348	6.438	7.098	3.423	5.785	5.241
CYBA	10.38	9.49	9.59	9.963	9.237	9.23	8.918	8.483	9.676	10.27	10.25	9.813	10.83	9.177	10.65	10.23
CYBB	9.986	9.767	9.537	10.09	9.223	10.17	10.41	10.86	11.06	11.4	10.82	10.48	11.59	9.433	11.25	9.815
CYCS	7.618	8.072	8.381	7.455	7.727	8.092	8.209	8.434	6.893	8.232	7.167	8.035	7.066	9.062	7.227	8.861
CYLD	10.45	10.45	10.52	9.31	10.21	10.04	9.952	10.46	9.742	10.62	10.03	10.39	10.31	8.353	10.17	9.215
CYR61	12.68	13.94	15.17	9.653	13.33	12.37	10.62	11.51	12.96	10.53	13.02	14.49	13.22	13.01	14.55	14.19
DAXX	9.767	9.738	9.634	9.566	9.791	9.728	9.809	10.13	8.911	9.587	9.983	9.824	9.869	9.773	9.771	9.431
DDR1	10.22	10.31	10.83	9.363	10.75	8.621	10.81	11.32	9.695	9.702	10.29	10.08	10.17	8.177	9.463	10.19
DDR2	10.52	11.81	11.03	10.04	9.804	11.62	9.226	10.28	9.624	10.84	10.67	11.17	10.19	10.52	10.54	7.786
DDX17	12.25	12.9	12.84	11.8	12.83	12.96	11.88	13.05	11.47	12.2	11.86	12.86	12.47	12.07	12.18	12.45
DDX58	8.454	9.151	8.62	8.381	9.862	8.984	9.288	9.444	7.816	9.101	8.16	8.868	9.509	7.21	8.339	7.462
DDX60	9.379	10.24	9.381	8.856	10.39	9.688	10.31	10.51	9.661	11.23	9.607	9.87	10.68	7.488	8.885	7.758
DES	7.293	11.04	11.86	9.054	0	5.395	4.573	4.569	9.203	9.53	5.756	8.861	5.429	5.577	9.732	4.31
DHX58	8.167	9.451	8.404	8.277	8.45	8.45	8.062	7.848	7.705	9.193	8.537	9.168	9.348	7.055	8.508	7.364
DKK2	3.474	8.892	8.313	6.015	7.365	6.714	3.284	3.219	5.374	5.32	3.434	6.511	5.703	5.471	6.892	4.589
DLL4	7.104	7.68	6.172	6.333	6.548	6.34	6.016	5.16	6.372	5.796	7.454	8.199	7.109	8.067	6.754	6.569
DSCAM	1.347	0	2.713	0	1.522	0	0	3.219	2.648	0	1.247	0	0.1687	0	0	2.329
DSTYK	9.549	9.207	8.604	9.251	9.608	9.298	10.18	7.921	8.263	9.254	8.248	8.861	8.438	6.928	9.421	8.794
Dusp5	9.576	9.893	10.14	8.358	9.78	8.613	8.136	11.22	11.27	9.02	10.07	9.931	9.699	8.949	9.341	9.498
Dusp6	11.78	11.06	12.69	8.448	11.94	10.99	9.995	12.24	12.92	12.78	12.09	10.8	11.03	9.6	10.36	11.45
ECD	7.023	8.349	8.139	7.004	7.965	7.247	6.999	7.095	6.027	7.417	6.795	8.166	6.63	6.286	7.652	7.166
ECM1	9.01	10.14	9.094	8.589	10.14	10.11	8.129	9.116	8.932	7.917	9.854	9.743	8.199	9.778	11.29	9.807
ECM2	7.469	10.92	9.677	8.491	9.123	10.06	5.061	4.951	7.893	7.946	8.238	10.59	7.055	8.82	9.841	7.207
EDN1	6.675	8.311	8.371	6.059	8.023	6.191	4.534	4.242	7.226	5.23	6.33	7.851	5.092	5.854	6.601	4.976
EDN2	2.772	0	2.128	2.656	2.9	0.1682	0	0	0	2.352	0	0	0	2.188	0	0
EDN3	7.89	7.808	7.139	5.037	5.77	3.474	3.187	4.708	10.16	3.474	2.721	1.756	3.475	4.171	6.795	5.357
EED	7.495	8.238	8.342	7.3	8.431	7.643	7.988	7.722	7.445	8.485	7.827	7.919	8.016	7.061	7.663	7.326
EFEMP1	9.431	10.81	9.823	9.452	9.695	10.29	5.784	5.342	9.737	8.456	10.1	9.57	9.141	9.483	10.7	8.356
EFEMP2	9.06	11.15	10.42	9.323	9.571	10.7	6.595	10.67	9.686	10.31	8.833	11.1	9.837	9.749	10.76	8.527
EFNA1	8.135	9.967	9.486	8.546	9.325	8.884	8.36	9.019	7.191	7.427	8.15	9.527	7.832	9.575	7.979	7.497
EFNA2	3.729	4.649	2.713	4.385	4.154	3.021	3.376	4.242	1.86	3.309	5.577	3.631	4.466	5.297	2.805	2.329
EFNA3	5.782	9.6	9.347	8.188	10.08	8.194	5.912	6.259	5.374	6.808	5.132	9.6	5.429	6.452	7.086	7.454
EFNA4	6.446	8.053	8.011	7.964	8.263	7.971	6.651	7.452	5.795	7.355	6.367	8.166	6.858	6.824	7.119	7.032
EFNA5	8.459	8.044	8.293	6.26	7.796	7.366	3.621	6.259	6.585	6.968	7.279	8.285	5.557	6.524	6.835	2.329
EFNB1	7.883	9.257	9.088	7.625	8.665	7.869	5.29	7.833	7.3	7.668	7.229	8.936	7.023	8.194	8.393	6.029
EFNB2	8.892	9.313	9.516	7.482	9.446	8.929	5.881	9.078	7.371	7.279	7.715	9.364	7.392	8.333	8.632	6.936
EFNB3	6.805	7.259	6.998	7.269	7.365	7.209	8.343	4.835	8.335	7.256	9.011	7.589	7.988	5.489	5.939	8.433
EGR1	10.27	13.39	13.82	9.259	12.53	10.29	8.228	10.39	11.46	9.93	12.34	12.03	10.73	12.45	11.92	11.26
EMR1	4.646	2.961	0	1.215	0	0	3.187	4.046	3.155	4.531	4.267	2.979	4.33	2.765	5.744	0
EPHA1	4.448	7.048	7.237	5.908	8.564	6.322	2.846	3.219	2.838	6.078	4.008	7.09	5.588	2.188	5.566	1.54
EPHA10	2.526	2.113	0	0	2.007	0	0.5237	0	0	0.5865	0	1.756	0	0	0	0
EPHA2	8.958	10.58	11.14	8.418	11.11	8.678	7.663	10.54	10.7	9.073	7.827	10.86	10.17	7.766	9.51	5.802
EPHA3	6.675	6.686	5.909	5.202	5.033	7.78	5.218	5.342	4.821	3.756	4.616	8.023	6.068	5.19	4.764	4.231
EPHA4	6.297	8.438	8.721	6.583	8.694	6.7	6.856	6.213	5.311	7.75	6.573	8.691	5.361	5.471	7.119	7.86
EPHA5	4.042	5.148	7.486	2.108	3.723	3.188	6.546	7.638	1.86	6.898	0	4.259	3.339	3.496	2.442	7.786
EPHA6	3.165	2.113	0	1.578	3.592	1.086	0	0	2.43	0	1.247	0	1.643	2.355	0	1.54
EPHA7	4.448	5.463	7.128	3.163	4.814	0	0	2.172	1.459	0	0	4.078	1.643	2.985	4.493	2.604
EPHB1	6.41	5.674	6.486	3.765	5.707	5.494	0	0	3.155	7.836	3.286	5.786	5.361	2.985	4.159	0
EPHB2	4.517	5.217	4.713	4.675	2.9	5.783	4.174	7.043	4.146	5.23	4.553	6.102	6.002	3.697	6.044	4.231
EPHB3	8.026	8.034	8.592	6.959	8.469	7.959	4.788	4.242	7.699	8.614	4.791	8.143	6.601	6.386	7.759	3.635
EPHB4	9.114	9.462	9.381	9.09	9.574	8.863	9.96	7.472	8.509	9.007	9.301	10.07	8.857	8.517	8.649	9.568
EPHB6	5.47	9.755	9.097	8.171	10.24	7.257	3.082	2.788	4.629	8.136	6.06	8.551	5.004	6.69	7.717	1.54
ERAP1	9.063	10.75	10.41	8.604	10.24	10.06	7.928	8.95	9.112	10.37	9.406	9.689	9.68	9.537	9.042	9.282
ERAP2	8.107	7.029	9.73	9.13	9.714	9.587	7.631	7.284	10.86	11.79	10.95	10.88	9.81	8.079	10.26	6.006
ESAM	8.22	9.901	8.671	8.013	8.362	8.546	6.138	5.503	8.58	7.138	8.238	10.48	8.049	9.419	8.621	7.633
Etv1	11.37	8.108	9.665	5.303	9.801	10.15	9.752	10.13	10.13	11.39	9.157	8.06	9.906	6.601	7.197	10.55
Etv4	7.18	5.217	8.724	2.656	7.655	7.33	8.393	7.284	9.018	9.472	9.88	5.663	8.199	2.505	6.624	9.886
Etv5	10.84	9.363	11.39	7.336	10.49	10.72	10.81	9.933	11.7	11.65	10.62	8.651	10.52	6.296	10.13	10.61
F11R	9.628	10.69	10.52	9.234	10.97	9.329	8.791	9.314	8.355	9.089	9.465	11.02	9.184	8.483	9.891	8.564
F2R	8.815	8.844	9.044	8.201	8.884	9.947	7.332	6.816	8.54	9.983	10.01	9.007	9.182	8.185	8.082	6.832
F2RL1	5.81	8.17	8.1	6.679	9.04	5.834	4.012	5.958	4.408	6.459	0.3988	8.326	7.034	4.813	6.69	4.651
FADD	6.999	6.636	6.376	7.244	6.762	7.348	7.35	7.566	6.461	6.94	7.664	7.41	6.493	6.424	8.006	7.807
FAM19A1	0	0	0	0	0	0	0	0	0	0	0	0	0	0	0	0
FAM19A2	4.765	5.406	6.468	4.08	6.339	5.251	2.398	5.578	4.347	3.879	4.486	5.125	3.189	4.38	4.279	1.54
FAM19A3	5.323	2.961	6.432	2.931	5.082	3.338	2.711	5.649	6.309	2.352	3.286	0.1713	5.909	3.633	4.159	2.604
FAM19A4	4.82	0	1.128	0	0	2.043	3.376	2.172	3.005	2.352	3.434	0	3.918	1.998	3.722	0.8881
FAM69B	5.695	7.819	7.636	7.041	6.07	7.266	8.109	4.835	7.332	6.94	6.557	9.701	7.484	9.059	7.8	7.968
FAP	7.537	10.22	9.33	9.387	10.56	11.27	6.016	9.568	10.27	8.636	7.73	10.86	10.21	9.591	10.66	8.851
FAS	5.603	6.361	6.376	5.955	6.07	6.555	4.068	3.219	6.711	7.062	5.639	7.331	5.979	5.19	7.37	4.767
FASLG	4.133	4.92	4.376	4.558	5.466	4.76	5.942	4.569	3.826	7.467	4.897	6.741	5.588	2.355	5.468	3.21
FCER1G	9.717	9.801	9.315	9.756	9.021	9.5	9.27	9.776	9.892	10.93	10.21	10.26	10.85	9.165	11.42	10.3
FCGR2B	9.046	10.62	9.707	9.616	9.749	10.41	9.688	10.95	8.796	9.076	9.105	8.691	10.36	9.09	9.434	9.8
FCGR3A	9.247	8.782	7.644	9.839	8.036	10.67	10.4	12.05	10.44	11.93	11.06	10.29	11.25	9.246	11.68	11.29
FCGRT	10.53	12.22	11.88	10.81	11.11	11.03	9.039	9.912	11.33	11.98	10.89	11.77	11.09	11.27	12.03	10.03
FCN2	4.82	2.961	3.588	2.315	0	0	0	0	0	0	2.935	0	0.1687	2.505	0	0
FGF10	4.707	6.058	5.829	3.452	3.592	3.338	2.711	5.16	4.821	4.097	4.845	6.546	2.356	5.234	3.883	3.507
FGF2	8.124	8.827	9.288	6.272	6.438	6.46	8.36	10.57	9.45	8.801	6.013	6.679	6.305	6.326	7.572	3.507
FGFR1	8.432	9.19	9.114	7.857	8.673	8.097	6.623	8.665	7.833	7.534	7.068	8.93	7.7	7.67	8.231	7.288
FGFR2	3.165	6.267	7.105	4.748	6.548	3.474	0	0	0	4.373	0	0.1713	2.356	0	4.39	0
FGFR3	4.976	10.57	10.58	9.43	11.72	8.624	3.544	4.046	5.573	8.887	3.692	9.272	5.395	6.306	8.413	4.589
FGFR4	4.375	3.698	5.128	5.876	2.37	6.304	4.174	5.059	5.029	3.756	4.344	6.054	6.23	6.306	3.335	3.753
FGFRL1	8.822	8.765	8.404	8.054	8.352	8.75	8.335	11.28	7.242	7.279	8.932	8.969	9.603	6.921	7.583	8.999
FLT1	7.61	7.894	7.772	6.88	7.758	7.636	6.071	7.193	7.259	6.792	6.49	8.316	7.2	8.449	7.436	7.436
FLT3	6.335	5.981	6.257	5.094	6.255	6.109	4.854	0	4.408	5.796	5.511	4.259	5.429	3.927	5.468	0
FLT4	6.236	6.585	6.059	6.247	5.082	3.818	3.694	2.172	4.728	1.965	5.257	6.475	5.588	6.233	6.078	4.147
FOXp3	6.335	6.02	5.772	5.008	5.429	5.557	4.976	4.569	5.105	7.138	6.232	4.419	7.401	5.543	5.19	5.319
FREM1	10.18	8.09	8.216	5.608	7.924	6.539	6.66	3.55	8.743	8.556	6.385	6.321	5.361	5.416	6.376	3.963
FREM2	11.29	5.519	6.503	5.547	7.344	3.818	0	7.371	4.821	7.561	8.891	3.631	4.256	6.853	3.542	2.329
FURIN	9.793	9.297	9.041	8.148	8.877	8.01	8.349	10.99	8.985	8.504	9.716	9.705	9.544	8.16	10.03	10
Fosl1	6.675	8.099	8.632	4.43	7.773	4.329	6.614	9.459	6.662	5.363	9.052	6.858	8.06	4.924	8.346	9.243
FoxO1	10.08	10.59	10.14	8.407	9.264	9.721	7.94	8.586	8.164	9.557	9.005	9.777	9.245	8.46	8.502	8.716
FoxO3	10.63	10.82	10.67	9.2	10.13	9.298	9.311	9.626	8.263	9.452	9.22	10.95	10.32	10.08	9.831	9.899
G6PD	10.18	10.2	9.681	9.164	10.2	9.374	9.285	11.26	9.788	9.329	9.972	10.2	9.883	9.314	10.84	9.742
GAPDH	13.84	13.38	12.94	12.11	13.38	13.17	12.87	14.3	13.86	13.14	12.83	14.33	12.49	14.53	13.06	13.41
GDF15.N	8.597	7.884	8.687	5.627	10.66	8.569	6.264	5.254	11.61	9.494	5.916	7.52	9.456	7.21	9.133	5.957
GDF15.C	9.553	7.956	9.757	5.684	11.11	9.421	6.03	4.046	13.29	10.13	6.127	7.606	10.26	8.111	10.53	5.429
GFI1	7.232	6.91	7.45	5.908	6.233	5.978	7.256	4.835	5.651	7.742	6.456	6.546	7.813	4.562	5.612	4.31
GNLY	6.72	6.391	2.935	4.783	5.033	6.672	6.604	5.059	4.821	7.58	4.344	7.137	6.151	5.659	5.902	3.035
GPC1	7.953	10.68	10.41	9.509	11.11	9.148	6.299	12.17	8.952	8.717	6.573	10.04	8.542	7.588	8.807	8.502
GRAP2	7.212	7.209	7.612	6.272	7.051	7.741	6.099	5.342	6.293	7.75	7.48	6.939	7.426	4.562	6.429	3.366
GRN	12.57	13.47	12.73	12.91	13.19	12.74	12.48	12.31	12.12	13.22	13.59	13.99	13.3	12.39	13.75	13.37
GXP1	11.34	11.25	11.43	10.83	11.04	10.79	11.74	10.78	11.93	11.66	11.96	10.9	11.62	9.943	12.63	11.8
GZMA	8.572	8.983	8.404	8.352	9.053	8.72	9.011	5.842	8.385	10.72	9.569	9.948	8.996	6.506	8.49	7.166
GZMB	6.846	6.2	6.357	5.665	6.807	5.908	6.401	6.905	6.007	8.797	6.695	7.39	6.871	4.258	6.984	4.875
GZMK	8.616	8.652	8.139	7.672	8.705	8.242	8.2	1.072	7.488	9.598	9.299	8.737	9.024	6.414	7.728	7.538
HAVCR2	7.99	7.728	7.563	8.594	7.535	7.999	7.851	8.595	8.186	9.169	7.641	7.502	8.744	7.39	9.463	8.14
HCK	7.724	8.677	7.87	8.246	7.883	7.727	7.555	8.604	7.416	9.04	7.985	9.032	9.159	7.311	9.908	7.744
HEPACAM	5.399	8.303	6.15	3.9	3.448	0	1.054	0	3.415	1.965	4.185	0	1.643	5.489	4.589	0
HGF	7.486	8.117	7.801	7.019	7.228	8.65	6.239	8.058	8.011	7.917	7.471	9.324	8.366	7.545	8.224	7.1
HLA-A	15.92	15.34	14.42	14.93	14.27	15.7	15.94	14.81	15.17	16.34	15.25	15.96	16	13.57	15.56	15.38
HLA-B	14.23	13.8	13.13	12.96	13.11	13.47	14.79	13.41	13.53	14.79	14.48	13.73	14.4	11.97	13.44	13
HLA-C	13.83	11.57	12.48	12.66	12.05	13	13.64	12.31	12.33	13.8	13.4	13.12	13.85	11.19	12.77	11.76
HLA.DMA	10.35	10.69	10.17	10.34	9.291	10.62	10.25	9.83	9.817	11.59	10.91	10.92	11.17	9.068	11.25	10.44
HLA.DMB	9.293	9.571	9.369	10.04	9.093	10	9.065	9.807	9.636	10.94	10.09	9.849	10.23	8.631	10.45	9.475
HLA.DOA	7.68	7.655	7.52	8.194	5.8	8.806	6.84	7.991	7.34	9.245	8.067	7.933	8.326	5.961	7.706	7.854
HLA.DOB	8.815	8.701	7.706	7.57	6.893	7.863	7.163	4.415	5.988	8.369	7.715	7.906	8.303	5.434	6.873	6.885
HLA.DPA1	12.13	13	12.63	12.73	12.09	13.37	11.86	12.83	12.18	14.46	12.88	13.38	13.36	11.26	12.25	13.25
HLA.DPB1	11.56	12.02	12.86	12.87	12.25	12.24	12.05	11.36	2.43	14.1	12.14	13.17	13.4	11.24	11.99	12.84
HLA.DQA1	1.854	12.49	11.93	12.4	10.98	0	0	2.172	11.98	0	12.51	0	14.27	10.42	0	0
HLA.DQA2	4.765	3.698	0	1.215	2.659	2.356	3.462	0	3.291	2.908	0.3988	0	3.819	2.505	3.094	0
HLA.DQB1	11.62	11.52	10.71	11.86	10.45	12.4	11.74	11.03	10.62	13.76	11.53	12.36	10.1	8.806	12.16	12.59
HLA.DRA	13.66	14.58	14.17	14.17	13.6	14.83	13.16	13.27	13.88	15.27	14.06	14.72	14.85	12.2	14.22	14.46
HLA.DRB1	11.39	13.22	12.89	12.15	12.52	12.92	11.31	11.9	12.65	11.26	11.93	13.07	14.15	11.7	12.91	13.22
HLA-E	12.66	13.29	12.38	12.27	12.31	12.46	13	11.47	11.43	13.8	13.02	13.3	12.84	11.22	12.6	11.74
HLA-F	5.203	5.346	4.713	4.637	5.609	6.067	6.311	4.951	4.95	5.559	5.891	2.979	6.23	5.001	5.468	4.524
HLA-G	9.769	9.773	8.856	10.96	8.82	9.892	9.89	8.512	9.387	10.24	9.005	11.57	10.31	7.091	9.24	9.014
HLA.H	3.729	3.698	3.829	3.537	0.7846	2.356	3.284	3.55	0	2.352	1.777	5.381	3.918	2.188	0	2.604
HPRT1	8.974	7.996	8.926	8.141	8.95	8.613	8.273	9.989	10.38	8.769	9.196	8.131	8.228	9.04	8.216	8.506
HSP90AA1	14.33	13.9	14.43	12.5	13.72	15.1	15.06	14.16	14.64	14.24	13.84	13.1	13.94	14.43	13.9	14.43
HSPA1A	9.562	9.177	10.55	8.178	8.387	7.266	10.58	8.018	10.15	9.747	10.39	10.34	9.221	10.52	9.814	10.59
ICAM1	9.057	10.06	9.407	8.432	9.288	9.852	10.56	9.464	10.63	11.17	10.47	9.535	10.64	8.661	9.853	10.81
ICAM2	7.731	8.576	7.896	7.012	7.088	7.483	5.549	4.415	7.138	6.955	7.973	8.651	8.348	8.163	7.618	6.163
ICAM3	9.109	9.142	8.961	8.814	8.645	9.163	7.802	8.612	8.138	9.193	9.063	9.057	9.337	7.658	8.471	8.42
ICAM4	5.47	5.519	4.986	3.834	4.154	4.649	4.573	4.242	5.029	5.033	4.553	5.953	5.361	5.471	5.363	4.926
ICAM5	2.229	0	0	0	0	0	1.441	5.781	0	0	4.099	1.756	3.599	1.78	0	3.963
ICOS	7.18	5.941	6.713	5.202	6.319	6.304	6.252	3.55	5.519	8.226	6.739	5.844	7.672	4.813	5.566	5.28
ICOSLG	8.061	7.894	8.237	7.238	7.414	7.366	5.606	8.383	7.316	7.881	7.308	8.376	8.317	6.433	7.728	7.326
IDH1	9.612	11.38	10.68	10.34	10.61	10.16	10.09	10.59	10.16	10.08	10.03	10.39	10.46	9.855	11.56	10.75
IDH3A	9.089	9.726	10.01	9.625	9.977	10.24	9.209	9.084	10.33	9.814	9.506	9.649	9.907	9.759	9.129	10.43
IDO1	7.724	7.428	6.935	6.356	6.419	7.606	8.776	5.842	7.111	13.25	8.862	7.822	8.451	5.122	5.701	6.029
IFI30	10.12	10.34	8.735	11.23	10.28	9.95	10.12	9.669	9.327	11.53	10.71	11.05	12.11	9.379	12.1	11.77
IFIH1	7.011	8.621	7.512	6.959	7.562	7.65	8.363	7.892	6.662	8.232	7.383	7.671	8.761	6.233	7.423	6.184
IFIT1	7.52	9.451	7.992	8.068	8.326	8.321	7.432	7.472	7.316	7.543	8.382	8.264	8.614	6.634	6.93	7.155
IFIT1L	3.328	0	0	0	0	0	1.054	0	0.9026	0	0	0	1.643	0	0	0
IFIT2	7.634	7.456	5.856	7.371	6.566	7.434	7.932	7.51	7.129	8.364	7.765	7.555	6.821	5.594	6.235	6.416
IFIT3	6.734	7.552	6.105	7.026	5.994	7.098	7.332	6.846	6.372	8.179	7.146	7.311	7.983	4.924	5.902	5.596
IFITM1	12.42	12.67	12.27	11.26	12.03	12	11.05	8.218	11.63	13	12.87	13.02	13.2	10.98	11.55	10.39
IFNA1	5.538	5.217	3.713	3.617	3.287	3.712	3.954	3.819	4.577	0	2.164	0	4.706	4.754	4.159	3.035
IFNA10	6.463	4.649	2.45	4.339	2.659	0	4.32	6.618	3.635	0	5.043	2.979	5.646	5.234	6.712	3.507
IFNA14	2.982	2.113	0.1281	0.7299	0	0	0	3.219	0	2.657	2.935	2.979	1.643	2.88	1.957	2.604
IFNA16	4.042	0	1.713	0	0	0	1.998	0	0	0	0.3988	0	2.832	2.505	2.442	0
IFNA2	3.841	3.25	0	2.108	0	3.188	2.212	3.55	2.43	0	1.777	2.979	2.832	3.084	0	0
IFNA21	4.707	0	0	2.495	0	0	3.621	0	3.415	0	2.935	0	2.832	3.979	4.159	2.836
IFNA5	4.042	3.491	3.713	3.617	2.9	2.356	3.763	4.951	2.648	0	2.721	3.631	4.65	3.697	3.542	1.54
IFNA6	4.042	3.491	1.128	2.315	0	1.642	3.376	3.219	3.826	0	0	0	3.819	4.029	3.722	1.54
IFNA7	3.328	0	0	0.7299	0	0	0	2.788	0	0	0.3988	0	0	2.765	0	0
IFNAR1	8.616	7.539	8.088	7.318	7.655	8.081	8.352	8.871	8.463	8.31	8.453	7.879	8.629	7.067	9.237	7.176
IFNAR2	10.23	9.732	8.983	9.238	9.475	9.624	10.14	9.764	10.02	9.893	9.601	10.02	10.44	8.467	10.21	9.16
IFNB1	4.926	3.25	2.713	3.452	0.7846	0.1682	3.893	4.415	3.005	2.657	3.434	3.341	3.599	4.125	2.442	0
IFNE	5.16	3.698	2.128	3.834	5.77	6.375	3.284	8.908	3.155	2.657	1.777	7.351	4.256	3.979	3.883	3.507
IFNG	5.725	5.406	4.376	4.675	4.928	4.812	6.239	4.415	5.404	8.191	6.037	5.899	5.932	6.376	5.061	3.035
IFNGR1	11.24	11.78	11.92	10.47	11.77	10.89	9.49	10.04	10.59	11.07	9.98	11.82	10.88	10.4	11.39	10.74
IFNGR2	10.58	11.31	11.42	10.58	11.01	11.05	10.7	11.18	10.63	10.56	11.06	11.34	11.67	9.996	11.34	10.11
IFNK	4.583	2.961	3.298	1.215	2.007	0.1682	3.082	4.569	0	3.123	0	0	3.021	3.263	0	0
IFNW1	4.375	0	0.1281	0	0	0	0	2.172	3.155	0	2.164	0	1.643	3.084	3.094	1.54
IGF1R	10.06	10.26	11.21	8.844	10.24	10.55	9.759	10.47	10.76	10.17	10.61	10.62	10.92	9.33	9.252	10.88
IGF2R	9.376	9.462	9.55	8.304	9.787	8.819	9.806	8.673	9.19	9.583	9.168	9.911	9.519	9.096	10.22	10.16
IKBKB	8.855	9.142	8.743	8.744	9.33	8.79	8.895	8.915	7.882	9.017	8.418	9.251	8.774	8.185	9.203	8.284
IKBKE	7.739	8.402	8.554	7.433	8.834	8.203	8.337	7.95	7.578	8.551	8.636	8.559	8.654	7.617	8.496	6.923
IKBKG	9.01	9.714	9.178	9.159	9.465	9.07	8.903	9.287	8.343	8.769	8.978	9.677	9.256	8.818	9.313	8.239
IKZF1	7.495	5.981	5.829	6.101	5.675	5.978	6.138	5.901	5.626	7.29	7.113	6.581	7.313	4.95	6.795	4.767
IL10	5.116	0	5.45	5.253	6.233	3.917	4.273	4.835	5.142	4.287	5.577	5.216	5.783	4.976	5.657	4.767
IL10RA	8.791	9.775	9.145	8.758	8.594	9.454	7.898	8.53	8.323	10.06	9.788	9.983	9.983	8.295	9.896	8.318
IL10RB	9.679	10.03	9.702	9.592	9.967	9.913	10.06	9.091	10.24	9.927	10.06	9.743	10.17	8.789	10.66	9.088
IL11	4.448	4.315	3.713	3.266	4.754	3.598	2.711	10.8	4.99	3.309	2.721	5.529	5.617	3.979	4.027	4.926
IL11RA	7.253	9.781	9.761	7.807	8.963	8.495	6.757	7.412	6.724	8.048	7.671	9.196	6.966	8.168	8.762	5.241
IL12A	4.707	5.463	3.935	3.9	4.244	3.598	5.142	0	4.821	4.804	5.296	5.029	5.213	3.177	1.957	3.035
IL12B	4.517	0	4.128	3.163	4.244	3.021	4.068	0	3.005	3.992	4.344	2.979	3.339	3.177	2.805	0
IL12RB1	4.646	1.376	3.935	4.385	3.592	4.706	5.061	0	4.466	5.999	5.443	5.125	6.151	1.998	4.764	3.963
IL12RB2	5.81	7.413	6.948	3.963	5.033	4.009	8.676	0	6.065	7.75	8.228	6.858	7.322	7.414	7.652	9.335
IL13	4.874	5.076	1.713	3.052	2.659	3.021	4.068	5.059	3.913	3.992	4.008	1.756	3.189	3.979	3.542	2.329
IL13RA1	10.95	11.21	10.86	10.61	10.92	10.9	10.56	11.86	11.22	11.79	10.86	11.9	10.57	10.31	11.81	10.25
IL13RA2	5.071	0	2.45	0.7299	0	2.043	2.398	4.415	2.173	3.309	5.478	5.125	3.819	2.355	1.957	3.963
IL15	6.777	7.442	7.308	6	6.531	6.492	7.593	7.739	7.557	7.836	6.848	6.966	7.34	5.212	6.911	5.717
IL15RA	0	5.624	5.713	5.202	6.233	0	0	4.046	0	0	2.935	5.663	4.53	4.492	5.127	0
IL16	10.37	11.33	10.67	9.329	10.89	10.65	9.809	8.275	8.903	10.35	10.44	10.45	11.14	8.912	11.6	10.8
IL17C	1.854	0	0	0	0	0	1.441	0	0	0	0	0	2.356	0	0	0
IL17D	9.828	8.569	8.178	8.304	7.324	8.032	5.337	7.193	7.793	9.05	5.296	8.072	5.495	6.634	7.07	7.579
IL17F	4.583	4.315	1.713	1.215	2.659	3.188	2.711	4.708	0	1.434	3.286	0	3.189	3.423	2.805	0
IL17RA	9.125	10.14	9.734	9.361	9.799	9.035	9.117	9.788	8.701	10.1	9.543	10.23	9.701	9.372	9.972	9.398
IL17RC	8.741	9.207	9.446	8.437	8.979	8.307	8.507	8.795	8.327	8.48	8.936	9.032	8.392	7.036	9.153	8.592
IL17RD	6.015	7.104	8.134	6.045	8.036	7.108	6.748	6.304	7.12	8.105	7.113	5.953	7.304	5.867	6.403	5.829
IL17RE	6.257	9.858	9.636	8.337	10.09	7.515	5.267	5.842	5.862	7.552	8.504	9.075	4.76	6.941	7.979	4.71
IL18	7.478	9.784	8.846	8.114	10.59	8.208	6.001	7.472	6.624	8.725	7.046	8.618	8.144	6.074	8.736	6.819
IL18BP	5.942	6.559	6.172	6.888	5.503	6.393	7.124	5.649	5.279	8.523	6.291	7.52	7.119	5.908	6.892	5.114
IL18R1	7.562	8.342	8.221	7.048	7.671	7.592	6.19	6.618	6.503	7.718	6.739	8.316	7.055	5.881	8.393	6.503
IL18RAP	5.284	5	3.128	4.023	2.37	5.173	4.122	3.219	3.005	5.732	5.216	5.381	5.251	4.171	5.19	3.035
IL1A	4.926	2.961	4.829	4.189	5.829	3.917	4.273	6.013	2.43	0	4.008	6.475	4.76	3.816	4.844	3.753
IL1B	6.581	6.78	7.237	5.441	6.531	5.73	5.267	8.577	7.332	5.944	6.191	6.71	7.936	6.961	7.78	6.936
IL1F10	3.165	5.813	4.652	5.202	6.142	2.831	0	0	2.648	0	0	5.844	3.475	2.88	2.805	0
IL1F5	4.976	9.619	7.89	8.017	11.21	7.727	2.398	3.819	5.463	7.355	3.569	11.39	3.599	3.423	7.82	0.8881
IL1F6	3.328	0	2.128	3.266	0	0	2.846	0	0	0	2.164	6.102	0.1687	2.765	3.883	0
IL1F7	2.982	9.693	8.047	8.246	10.98	7.706	2.398	1.072	3.826	7.023	0	8.01	3.599	3.758	7.119	0
IL1F8	2.772	5.624	5.376	4.978	7.334	3.188	0.5237	6.934	1.459	4.373	0	6.801	3.339	2.188	2.805	3.507
IL1F9	5.435	7.936	6.62	6.379	9.264	6.088	4.32	3.219	5.491	6.129	4.553	10.39	5.213	4.38	7.182	3.963
IL1R1	7.767	9.055	8.896	8.079	9.348	8.51	4.755	7.095	7.495	8.061	7.86	9.799	8.118	7.409	9.716	7.744
IL1R2	5.967	7.704	8.231	5.684	8.295	5.36	3.462	4.046	4.283	6.399	4.099	6.546	4.863	2.355	6.293	5.069
IL1RAP	10.21	8.943	9.483	7.455	9.534	8.956	10.37	10.07	10.1	9.06	9.767	9.185	9.487	7.091	8.502	10.79
IL1RL1	4.042	7.192	7.863	5.149	6.457	5.809	0	0	5.246	5.32	3.805	6.237	2.043	4.171	6.376	0
IL1RL2	2.982	6.131	5.216	4.291	6.211	4.009	1.441	3.55	3.291	3.622	2.721	4.926	3.189	4.215	4.027	0.8881
IL1RN	6.354	9.168	8.958	8.032	10.13	7.129	5.061	5.342	5.519	7.598	5.608	9.591	7.375	7.366	8.885	5.069
IL2	5.323	4.039	5.413	2.656	2.37	3.598	3.954	4.046	4.522	2.352	3.805	0	4.33	3.177	1.22	2.329
IL20	3.729	4.183	5.486	2.8	4.244	0	2.846	4.046	3.415	2.657	3.434	2.493	0	3.633	3.883	2.836
IL20RA	4.042	6.991	7.667	5.939	8.653	6.067	3.082	3.819	3.291	3.992	0.3988	6.991	3.918	3.496	5.127	1.988
IL20RB	5.116	10.43	9.811	8.803	11.5	8.312	3.544	2.788	5.404	8.343	4.267	10.22	5.325	3.816	8.04	4.058
IL21	3.945	4.745	3.128	2.931	2.007	2.613	2.968	4.951	3.913	3.622	3.692	3.631	5.783	1.998	2.442	0
IL21R	7.115	6.33	5.45	6.101	6.188	6.358	6.044	7.602	6.432	7.987	6.999	6.581	8.527	4.562	5.363	4.589
IL22	2.982	0	3.298	0	0.7846	0	0	0	0	0	1.247	0	0	5.099	3.335	0
IL22RA1	5.284	8.683	7.808	7.186	9.706	6.833	3.829	5.958	5.434	7.062	4.267	7.52	6.444	4.527	7.151	4.589
IL23A	5.244	3.491	3.935	5.527	4.154	3.598	3.829	4.569	3.995	4.195	5.408	0.1713	4.256	3.496	3.883	3.366
IL23R	4.707	4.039	4.298	3.163	4.058	2.613	3.376	1.072	4.216	3.474	3.692	0	4.01	3.177	4.679	3.635
IL24	2.982	3.491	0	0	3.844	1.086	3.829	0	3.291	1.965	5.812	3.631	4.76	2.355	0	4.058
IL25	3.165	0	1.713	1.578	2.37	2.043	1.746	4.835	0	0	3.434	1.756	2.614	2.985	3.094	2.329
IL26	3.729	5.346	5.257	3.452	4.485	3.338	3.376	5.901	3.529	0	2.935	3.341	3.599	5.737	3.542	1.988
IL27	1.347	2.113	1.713	2.656	0	3.338	2.846	2.172	1.459	3.474	2.935	0	3.918	1.523	3.542	2.836
IL27RA	8.585	7.643	8.702	6.642	8.342	7.276	8.404	8.639	9.812	8.537	8.248	7.703	8.9	5.839	7.595	6.585
IL28A	4.133	4.649	2.713	5.608	2.007	2.831	1.998	5.342	2.43	2.657	3.121	3.872	4.706	5.297	5.061	0.8881
IL28RA	7.322	8.015	7.128	6.612	8.332	5.617	9.285	8.206	6.277	6.898	5.699	7.41	8.93	3.927	7.103	5.158
IL29	4.765	4.649	3.128	4.884	4.626	4.329	3.763	5.425	4.073	3.992	2.164	1.756	4.65	4.527	4.39	3.035
IL2RA	7.863	7.048	7.257	5.527	6.142	6.46	7.021	9.201	6.402	7.96	8.009	7.606	8.845	6.296	7.979	8.907
IL2RB	7.649	8.46	8.035	7.46	7.924	8.391	7.798	7.585	7.378	10.08	8.775	9.202	8.912	6.839	7.536	6.792
IL2RG	9.307	8.349	8.903	7.945	8.69	8.976	7.966	4.951	8.073	10.08	9.181	8.524	9.956	6.541	7.869	6.6
IL3	2.772	2.598	0	0	1.522	0.1682	1.441	3.219	0	0	0.3988	0	3.475	2.355	1.957	0
IL31	0	2.598	1.128	0	0	0	1.054	3.219	1.459	0	1.777	0	3.918	1.523	1.22	1.988
IL31RA	3.607	5.217	5.413	4.947	4.928	5.173	4.012	5.503	4.347	5.363	2.935	5.786	5.133	3.423	4.92	4.651
IL32	12.13	14.71	13.42	12.4	14.1	13.64	9.881	15.31	13.34	13.94	11.54	14.99	12.12	12.65	13.95	12.18
IL33	8.339	9.507	9.573	8.05	9.855	9.602	6.202	7.043	10.41	10.13	8.218	9.762	8.261	7.842	8.592	5.565
IL34	6.13	8.188	8.023	6.501	8.258	6.781	4.068	7.371	6.139	6.498	5.511	7.137	6.151	5.234	6.69	3.035
IL3RA	5.991	6.93	6.571	5.327	6.188	5.932	5.005	3.219	6.027	5.665	6.49	7.183	6.46	5.782	6.293	4.71
IL4R	9.453	10.27	9.573	9.31	9.325	8.89	7.677	9.454	7.96	8.88	9.138	10.53	9.732	8.224	9.653	8.209
IL5	4.707	0	3.128	3.693	0.7846	3.188	1.998	4.415	0	0	3.692	2.493	3.475	2.505	3.094	0
IL5RA	3.474	4.183	4.128	2.931	4.058	2.043	3.954	3.219	3.155	3.123	2.721	0	3.475	2.641	3.542	0
IL6	7.52	8.953	8.542	3.963	5.349	6.21	5.549	8.656	8.279	4.979	8.409	6.102	6.978	8.425	9.602	5.158
IL6R	7.731	8.481	8.624	8.274	8.929	9.856	8.939	8.521	8.315	8.266	9.316	8.177	8.754	7.989	9.821	8.759
IL6ST	12.17	12.08	11.93	10.51	11.23	11.37	10.99	11.1	10.92	11.74	10.99	11.15	10.57	10.23	11.24	10.16
IL7	4.765	5.899	5.772	5.176	6.865	5.091	4.32	5.254	5.142	4.864	5.511	4.419	5.092	2.505	5.127	3.366
IL7R	11.01	7.819	8.592	7.824	8.284	8.875	7.405	7.848	8.393	8.316	10.78	8.12	10.46	6.609	8.38	7.751
IL8	9.785	9.097	8.413	8.415	6.961	5.73	9.98	10.91	11.63	6.248	10.28	9.928	8.794	9.874	12.16	8.294
IL8RA	3.945	4.315	1.713	3.052	5.39	4.256	3.187	3.219	1.86	4.287	2.935	4.419	3.819	3.263	4.844	2.329
IL8RB	5.203	6.02	6.172	4.241	7.424	5.251	3.621	5.059	3.529	5.32	4.267	6.771	4.256	3.758	6.174	0
IL9	0	0	0	0	0	0	1.746	1.072	0.9026	2.352	0	0	0.1687	0	0	0
IL9R	3.841	0	1.713	2.315	0	0	0	0	0	0	0.3988	0	0	0.8092	3.542	1.54
INSR	9.305	10.13	10.18	8.887	9.356	9.104	8.822	8.096	8.993	8.945	8.479	9.799	9.475	9.297	9.295	9.227
IRAK1	8.266	9.547	8.98	8.952	9.09	8.832	7.999	9.815	8.616	8.592	9.252	9.612	9.223	8.639	9.721	9.477
IRAK3	7.232	7.275	7.579	6.059	6.548	6.41	5.142	5.503	6.027	6.026	6.403	7.29	6.871	6.55	8.155	5.717
IREB2	8.667	9.654	9.208	8.699	9.482	9.268	8.363	9.189	8.841	8.924	8.711	9.431	9.03	8.895	9.072	8.727
IRF1	6.777	8.372	7.385	6.847	7.228	7.467	8.206	6.469	6.675	9.301	7.679	8.651	8.139	5.675	7.103	5.982
IRF2	9.3	9.714	9.746	8.837	9.296	9.062	9.667	9.711	9.82	10.04	9.792	9.57	9.962	8.171	9.889	8.941
IRF3	8.21	7.655	7.863	7.759	7.861	7.793	7.917	7.432	7.431	8.226	8.859	7.998	8.266	6.839	8.407	7.409
IRF4	9.464	10.9	10.45	11.6	10.03	10.17	9.811	5.425	8.319	10.89	10.44	9.504	11.18	11.39	9.947	10.34
IRF5	6.039	6.846	6.856	7.399	6.988	6.524	6.227	7.12	6.771	7.427	6.987	7.331	7.6	5.659	7.97	6.434
IRF6	6.515	10.56	10.97	8.619	11.21	8.321	3.954	2.172	6.277	8.504	3.91	10.54	6.444	3.979	8.757	2.604
IRF7	8.215	8.701	8.059	7.922	8.332	8.223	8.644	8.502	6.904	9.151	8.5	8.414	9.928	7.061	8.332	7.505
IRF8	7.947	8.153	7.288	7.119	7.471	7.577	6.895	6.013	6.175	8.645	7.579	7.959	8.37	6.541	8.155	6.398
IRF9	10.78	11.37	10.41	10.45	10.97	10.7	11.16	11.39	10.12	11.53	10.7	10.98	11.57	9.624	10.91	9.309
ITGAE	8.129	8.782	8.735	8.313	8.989	8.417	7.686	8.936	9.7	8.105	8.316	8.108	8.353	9.027	8.521	8.672
ITGAL	8.766	8.188	8.047	7.741	7.727	8.06	8.665	5.649	7.423	9.806	9.157	9.207	9.411	6.479	8.527	6.246
ITGAM	7.724	8.76	8.423	8.264	8.202	8.242	7.453	9.159	8.339	8.854	8.508	7.998	9.536	8.741	10.01	8.146
ITGAV	12.29	10.76	10.92	10.14	11.09	11.41	10.75	11.11	11.35	11.28	10.98	11.7	11.13	10.57	11.93	10.66
ITGAX	8.839	9.124	9.023	9.662	8.673	9.651	7.65	8.604	8.37	9.81	8.917	9.561	10.62	8.476	10.65	10.55
ITGB2	8.968	9.531	8.797	9.488	8.922	8.996	7.999	9.177	8.554	10.39	9.34	10.12	10.61	8.747	10.38	8.984
ITK	10.04	7.552	7.923	6.871	7.462	7.679	8.209	6.166	7.251	8.948	9.02	8.177	8.475	5.56	6.733	6.616
Ier3	9.23	9.96	9.837	7.824	9.889	8.395	10.89	10.63	9.879	8.891	10.84	10.08	11.14	8.885	10.66	10.9
JAM2	8.601	10.22	9.797	8.017	9.084	9.143	4.946	9.414	8.408	7.561	8.278	10.11	6.728	8.59	9.004	6.997
JAM3	10.36	10.99	9.806	8.756	10.34	9.532	6.345	11.68	9.454	7.946	9.116	10.84	9.271	10.41	10.15	10.08
KAL1	5.665	7.512	7.308	6.642	8.856	6.988	4.174	5.901	6.517	8.504	5.966	8.585	7.295	5.276	6.174	6.536
KDR	6.791	8.556	7.298	6.156	7.499	7.339	5.644	6.013	7.386	5.916	6.753	12.67	6.673	7.724	7.572	5.856
KIT	6.949	11.1	10.75	10.08	10.1	8.07	0	0	8.456	7.896	4.791	11.25	8.174	7.96	12.19	4.31
Klf4	10.58	14.28	14.37	11.29	14.13	11.2	7.007	11.07	10.29	11.23	11.57	12.98	9.159	11.81	12.06	9.451
L1CAM	7.36	10.13	8.413	7.179	8.537	8.507	10.22	12.03	7.026	6.439	10.49	8.889	9.497	11.48	14	12.37
LAG3	7.058	6.733	5.376	6.101	6.634	6.686	8.418	1.072	6.503	9.609	7.751	8.376	7.876	5.338	5.19	5.933
LBP	5.284	7.01	4.52	5.037	3.107	4.591	3.462	4.951	5.142	4.864	4.008	6.054	5.462	5.001	7.524	5.658
LCK	8.14	7.226	7.644	7.012	7.462	7.467	7.378	4.569	6.805	9.111	8.768	8.559	8.876	5.56	7.197	5.28
LCP2	9.651	10.57	10.09	9.738	10.25	10	9.104	10.19	9.672	11.72	10.49	11.02	10.93	9.167	10.74	9.774
LDHA	13.22	13.26	13.68	12.31	13.66	13.44	13.04	14.51	13.55	13.51	13.51	13.68	12.82	13.93	13.31	13.99
LEP	6.13	10.52	5.713	6.679	0	0	2.212	0	0	0	3.569	0	0	5.543	5.701	0
LEPR	8.597	10	9.632	9.027	9.398	7.727	5.088	8.787	6.598	6.838	8.331	8.498	8.266	7.82	9.454	6.285
LIFR	9.756	10.39	10.38	8.401	8.598	7.918	5.625	7.818	7.445	7.447	7.866	9.388	7.2	8.623	8.29	6.141
LILRB3	6.428	7.086	5.035	7.112	6.211	6.249	5.587	7.689	5.862	7.486	6.68	8.06	7.14	5.489	7.674	7.089
LIMS1	7.495	7.905	7.929	7.849	8.067	8.016	6.705	8.434	8.307	7.344	7.686	8.232	7.832	7.311	7.961	7.686
LMBR1	10.34	10.75	10.71	10.64	11.07	10.62	10.14	9.604	9.715	10.65	10.02	11.2	10.44	10.14	9.917	11.24
LPA	2.982	0	0	1.867	0	0.1682	1.441	2.172	0	0	0	0	1.643	2.765	0	0
LRP1	10.39	12.62	12.02	10.81	11.22	11.88	8.46	10.45	11.25	11.42	11.11	12.28	10.96	11.16	12.17	10.61
LRRK1	8.445	10.04	9.345	8.681	9.563	8.926	8.418	9.728	9.798	9.053	9.611	10.35	10.12	7.697	9.836	8.838
LRRK2	8.427	8.044	8.404	7.433	8.186	9.048	8.463	7.144	7.95	9.245	8.911	8.316	7.349	6.759	8.014	6.75
LTA	5.203	4.183	4.652	4.023	2.007	3.917	4.409	4.569	2.838	5.699	5.669	2.493	5.809	4.38	3.335	2.604
LTBP1	9.034	10.32	10.43	8.289	10.26	9.356	4.32	9.052	8.988	8.431	7.985	11.02	7.983	7.592	8.772	6.985
LTBR	10.01	10.92	10.47	9.726	10.85	10.47	10.36	10.3	10.55	10.74	10.81	11.28	9.639	9.531	11.28	10.46
LUM	11.99	14.7	13.31	13.71	13.93	15.36	10.4	8.308	14.72	12.39	13.01	16.18	14.11	14.22	14.48	13.48
LY6G	0	1.376	0	0	0	0	0	0	0	2.657	0	0	0	0	0	0
LY75	8.45	8.263	9.178	7.545	8.337	7.426	6.475	6.213	6.883	8.632	7.86	8.221	8.618	5.767	7.524	5.829
LY96	10.47	9.181	9.008	8.423	9.502	10.16	8.055	9.479	9.387	10.31	8.789	8.896	9.569	9.211	10.25	9.835
MADCAM1	0	0	0	0	0	0	0	0	2.173	0	0	0	0	0	1.22	0
MALT1	9.307	9.564	9.7	8.883	10.11	8.887	9.097	8.286	9.164	9.214	9.092	9.673	9.136	8.199	9.306	9.146
MAP3K14	8.535	9.159	9.229	8.181	9.259	8.95	8.522	8.308	7.699	8.924	8.923	9.527	8.838	9.244	8.649	7.814
MAP3K8	8.107	9.293	9.328	8.239	9.662	8.138	7.104	8.434	7.597	8.931	7.949	8.916	8.629	7.817	9.543	8.198
MARCO	7.85	9.761	6.713	8.274	7.101	6.741	6.39	9.669	5.725	8.232	9.872	6.054	8.939	8.505	9.853	7.807
MCAM	9.6	10.59	10.8	7.937	8.133	10.08	7.226	8.748	11.11	9.833	8.422	10.7	10.19	9.539	10.44	11.11
MET	9.93	9.244	9.75	12.15	8.568	8.303	10.41	10.49	9.445	11.67	6.037	11.79	8.891	7.451	10.15	9.413
MICA	6.999	8.081	7.367	7.677	7.861	7.9	8.455	8.558	6.531	7.534	7.722	8.326	7.832	7.528	7.997	7.821
MICB	8.671	8.608	8.1	9.35	8.492	7.941	9.174	9.005	7.95	9.307	9.541	8.714	8.703	8.033	9.323	8.328
MIEF1	8.178	7.579	7.992	7.529	7.517	8.653	7.894	9.622	8.254	8.08	8.027	7.985	8.005	8.256	8.04	9.008
MIF	12.75	11.24	12.33	11.81	12.19	13.22	12.19	13.55	12.6	12.04	12.84	12.73	12.9	12.37	12.08	14
MITF	10.58	11.07	11.65	10.76	10.29	11.21	11.63	8.109	11.43	11.9	11.33	11.57	10.67	10.99	11.63	11.6
MLNR	5.435	0	4.035	3.052	3.107	0	3.082	1.072	3.291	3.622	3.434	0	3.918	4.95	3.335	3.635
MMD2	1.854	0	0	0	0	0	1.054	2.788	0	0	0	0	0.1687	1.998	1.22	0
MMP1	6.257	7.338	4.52	7.696	10.37	2.831	3.954	0	7.799	6.678	3.434	7.371	7.876	5.297	8.17	8.551
MMP11	5.942	7.498	6.743	7.46	8.048	6.942	0	5.059	5.795	0	0	10.82	8.361	9.691	6.984	9.002
MMP12	8.628	5.463	5.298	3.362	7.113	2.831	6.506	4.569	5.519	3.474	3.121	4.926	7.57	7.545	12.37	3.21
MMP13	3.328	1.376	2.935	3.052	5.914	6.794	1.998	5.425	7.661	0	1.777	7.703	2.614	5.543	6.111	8.437
MMP14	10.21	11.26	10.23	10.54	10.93	10.59	10.53	10.27	9.805	10.05	10.66	11.64	10.65	10.29	11.35	11.58
MMP15	10.9	8.318	8.268	6.959	7.313	9.628	7.973	6.508	9.26	7.987	7.579	8.366	7.515	7.931	8.049	6.536
MMP19	8.794	8.144	8.52	6.935	9.173	8.391	5.142	7.452	7.46	7.355	7.772	8.568	7.965	8.111	9.841	8.162
MMP2	10.08	15.69	13.39	12.65	13.27	13.9	6.782	9.469	12.37	12.64	10.94	14.69	11.83	11.97	14.58	11.35
MMP20	2.982	4.183	0.1281	1.867	3.107	1.086	1.441	4.835	2.173	0	2.721	3.631	3.189	2.641	3.722	3.366
MMP21	2.526	3.698	1.713	3.266	2.659	1.642	2.212	3.55	2.173	1.965	3.569	1.756	2.614	3.263	3.335	0
MMP28	5.504	9.046	8.64	7.193	9.291	7.257	1.998	9.352	6.157	7.256	4.735	8.516	4.179	6.515	6.775	3.963
MMP3	5.361	2.598	5.172	5.876	7.355	5.617	3.082	0	7.805	5.699	2.164	3.631	4.959	3.758	6.078	3.862
MMP7	9.022	9.635	10.81	6.679	7.039	4.399	2.398	8.698	6.956	5.444	2.721	6.966	6.002	5.145	9.214	3.21
MMP8	2.982	6.585	4.52	0	3.287	0	5.897	0	2.43	0	0.3988	0	3.475	0.8092	6.429	9.765
MMP9	10.16	9.177	9.335	8.11	8.431	7.672	6.871	5.254	10.45	9.644	9.311	10.49	11.05	12.47	11.02	8.897
MPL	3.945	0	1.128	2.8	2.659	3.474	1.746	3.819	0.9026	2.908	3.692	5.216	1.086	2.188	2.805	0
MR1	6.498	6.951	7.216	7.004	7.414	7.857	7.654	5.425	7.156	8.167	7.068	6.102	6.268	6.178	7.151	6.266
MSR1	9.562	10.51	9.359	10.76	9.514	10.71	9.443	11.11	9.883	11.08	9.524	10.88	10.64	10.24	11.94	11.65
MUC4	3.474	1.376	2.713	0	0	0	0	4.569	0.9026	0	0.3988	2.979	0	0	0	0.8881
MUC5AC	1.854	0	0	2.315	2.9	2.831	3.082	2.788	0	0.5865	0	0	3.021	2.355	2.442	3.862
MYD88	9.395	9.95	9.285	9.029	9.691	8.74	9.838	9.298	9.339	9.948	9.981	9.921	9.818	8.105	10.26	9.202
Maff	7.883	8.453	8.542	6.129	6.879	6.629	7.453	10.26	6.503	6.744	8.288	7.555	8.707	6.921	7.242	7.847
NAIP	8.924	8.86	9.237	8.024	8.51	9.406	7.238	8.992	8.764	10.82	8.582	8.875	8.618	8.224	8.904	7.737
NCAM1	9.288	6.733	5.856	7.146	7.324	6.629	3.893	8.698	6.121	5.699	4.099	7.16	3.918	8.057	3.335	0.8881
NCAM2	7.191	6.267	7.903	7.555	7.026	6.988	5.425	8.121	5.519	6.479	5.088	8.443	5.979	7.28	6.481	6.706
NCAN	0	0	0	0	0	0	1.054	0	0.9026	0	2.721	0	0.1687	1.998	2.805	2.329
NCR1	0	0	0	1.578	0	0	0	0	1.86	0	0	0	0	0.8092	0	0
NDUFS3	10.69	11.45	11.37	10.26	11.2	11.18	10.91	10.91	10.9	11.18	11.03	11.03	10.63	11.4	11.27	11.85
NFAT5	8.995	9.834	9.978	8.722	9.92	9.781	9.452	8.999	8.594	9.47	9.28	9.202	8.991	7.947	9.133	8.922
NFATC1	8.377	8.998	8.427	8.239	8.51	8.47	8.162	6.618	6.883	8.288	8.404	8.812	8.81	7.986	8.162	7.95
NFATC2	9.444	10.07	9.919	8.594	10.19	9.41	8.184	8.929	8.178	9.539	8.898	9.18	9.952	8.218	8.682	8.079
NFATC3	10.98	11.86	11.68	10.66	11.6	11.49	11.02	10.88	10.75	11.56	11.02	11.88	11.19	10.25	11.18	10.58
NFATC4	4.448	6.78	7.257	5.955	6.339	6.358	3.954	4.415	4.865	5.484	4.553	7.351	5.289	5.61	6.948	3.963
NFKB1	8.205	8.549	9.076	8.05	9.028	8.932	7.681	8.549	8.547	8.737	8.307	8.048	8.909	7.799	8.539	7.538
NFKBIA	12.28	12.95	13.51	10.74	12.1	11.09	10.2	12.04	11.15	11.11	11.41	11.86	11.47	10.4	11.65	10.43
NFKBIB	6.911	6.585	6.815	9.18	6.399	6.41	6.807	5.16	5.573	6.644	6.781	5.844	6.393	7.523	7.383	6.948
NFKBIE	9.007	7.692	8.333	7.714	8.168	8.429	9.419	8.803	9.313	9.708	9.643	7.703	9.332	7.934	8.209	8.691
NFKBIZ	8.794	11.52	11.79	8.85	10.89	9.176	9.961	9.944	9.092	9.683	10.28	11.02	9.9	9.689	10.61	9.606
NFYA	9.539	9.96	10.21	9.702	9.93	10.71	11.27	9.879	9.419	9.944	10.57	10.92	10.11	9.892	10.01	10.37
NFYB	9.949	9.72	9.466	9.09	9.405	9.094	9.521	9.639	9.867	9.12	9.141	10.01	9.184	8.909	9.928	9.277
NFYC	9.74	9.681	9.739	8.753	9.652	9.5	9.76	9.76	9.092	10.09	9.493	9.426	9.415	9.051	9.891	8.913
NKIRAS1	8.955	8.495	9.026	8.093	8.824	8.491	9.61	8.194	8.79	9.693	8.792	8.76	7.82	7.274	8.881	9.554
NKIRAS2	8.927	9.787	9.186	8.998	9.442	9.138	8.909	9.483	8.335	9.248	9.508	10.53	8.7	9.277	9.444	9.028
NKRF	8.073	7.728	8.64	7.166	8.412	8.8	7.89	7.786	7.591	8.56	8.541	7.985	8.317	8.039	7.641	7.032
NLRC3	5.991	4.315	5.216	4.947	4.754	5.048	5.606	0	3.415	6.439	6.753	6.546	6.782	3.345	6.078	3.21
NLRC4	5.991	5.941	4.588	5.303	4.872	5.173	5.549	5.958	5.343	6.104	6.557	5.786	6.586	5.471	7.997	5.933
NLRP1	8.832	11.37	10.39	9.664	10.77	9.578	7.292	8.473	8.567	9.698	9.686	11.22	10.01	8.831	9.681	7.925
NLRP10	3.165	7.976	6.909	6.309	9.765	5.809	1.746	5.578	3.291	5.699	2.164	7.16	2.614	1.998	6.624	3.862
NLRP12	3.165	2.961	3.298	4.748	2.37	3.188	2.398	2.788	3.635	1.965	2.935	0	4.706	3.496	5.518	2.329
NLRP13	3.841	0	0	0	0	0	0.5237	0	1.459	0	0	0	1.643	1.21	0	0
NLRP2	7.397	7.175	7.721	3.765	8.023	5.395	5.942	4.569	5.279	8.22	6.456	9.069	8.022	3.633	7.888	4.589
NLRP3	6.463	7.226	8.178	5.202	5.222	6.023	4.72	6.43	6.517	6.129	6.861	6.647	6.427	5.922	7.053	6.735
NLRP4	0	2.961	0	0	2.007	0	0	0	0	0	0	0	5.325	0	0	0
NLRP6	5.435	1.376	3.713	0	4.244	2.613	3.694	4.708	3.291	3.756	4.897	4.078	4.53	5.075	4.159	1.54
NLRP7	4.042	0	0	2.495	0	0	2.398	1.072	0	3.879	2.469	0	5.049	0	3.883	0
NLRP8	2.982	0	0	0	2.9	0	1.746	1.072	3.005	0	2.469	0	1.086	0	2.442	1.988
NLRP9	4.042	2.113	0	2.931	0	0	2.398	4.569	3.415	0	0.3988	0	3.339	1.78	3.883	0
NOD1	7.809	9.328	8.835	9.005	8.905	8.875	8.312	9.298	8.412	9.111	8.761	9.495	9.033	8.481	9.434	8.661
NOD2	6.924	8.387	8.797	7.019	8.983	7.33	6.215	7.62	6.935	7.851	6.439	8.988	7.87	5.737	8.253	5.565
NOS1	4.218	5.768	5.652	5.149	5.8	1.642	0	0	0.9026	0	0	7.114	0.1687	1.78	4.39	4.822
NOS2	2.229	4.183	3.298	1.215	0	0	2.398	0	1.459	0.5865	2.164	0	0	1.523	1.22	2.329
NOTCH1	9.083	10.09	9.407	9.307	9.88	8.777	8.491	9.084	8.58	8.906	8.457	10.34	9.408	10.15	8.797	8.65
NOTCH2	11.05	12.01	12.06	10.98	11.85	11.76	10.7	11.24	10.59	11.13	11.07	11.59	11.51	10.71	11.92	10.95
NRCAM	11.09	7.104	8.717	6.855	8.091	5.783	8.38	12.01	6.611	10.4	7.514	6.194	7.679	6.541	7.696	4.926
NRP1	10.66	12.27	11.21	10.68	11.1	10.99	9.343	12.18	10.54	10.97	10.79	12.6	10.61	11.4	12.49	9.924
NRP2	10.2	10.34	10.54	11.06	11.16	11.23	10.55	12.91	11.84	11.54	12.57	12.22	11.76	11.39	11.98	11.79
OGDHL	4.82	2.961	5.257	0	6.142	1.642	1.441	3.55	6.624	3.474	1.247	6.71	6.54	1.998	3.094	3.753
OGFR	9.399	10.29	9.636	9.054	9.772	9.52	9.424	9.958	9.025	9.679	9.27	10.02	9.775	8.355	9.365	9.429
OLR1	5.284	1.376	2.45	7.306	3.844	4.862	4.755	6.989	4.775	3.123	5.175	2.493	8.471	4.34	6.733	8.584
P4HA1	8.368	8.683	8.313	7.723	8.311	9.043	8.805	9.201	8.087	8.597	8.117	8.154	7.801	8.483	8.201	9.671
P4HA2	7.843	8.998	8.298	8.499	8.916	9.181	6.287	10.2	7.191	6.498	7.08	9.645	7.539	7.828	8.074	8.821
P4HB	12.22	12.76	12.42	12.4	12.86	12.47	11.29	12.63	12.5	12.42	11.71	13.45	12.06	12.5	12.75	12.26
PDCD1	5.203	0	3.128	3.617	3.955	4.466	4.854	0	4.283	7.496	5.966	3.631	6.323	0	0	0
PDCD1LG2	6.039	7.894	8.1	7.019	6.513	6.895	6.334	8.53	6.946	8.704	7.346	7.371	8.144	5.974	8.42	7.546
PDGFRA	8.879	10.31	10.34	9.235	10.24	9.73	6.276	6.508	9.696	8.4	9.267	10.62	9.44	8.912	11.23	8.691
PDGFRB	10.25	13.25	12.23	11.07	11.75	11.79	7.89	9.554	11.14	9.816	10.03	12.99	10.51	11.77	11.54	9.876
PDIA2	3.474	0	2.45	2.495	0	0	2.846	0	0	0	3.569	0	3.918	2.505	2.805	0
PDIA3	8.791	8.099	8.367	7.811	8.004	8.929	8.219	8.083	9.283	8.713	8.181	7.919	8.144	8.03	8.458	7.793
PECAM1	10.56	12.11	11.01	10.69	11.06	11.21	8.002	8.922	10.59	10.47	10.76	12.71	10.8	10.99	11.31	9.978
PGK1	13.26	12.93	12.51	12.52	12.71	12.77	13.14	13.67	12.5	12.42	12.79	13.22	12.43	12.94	13.23	13.52
PGLYRP1	0.5587	0	0.1281	0	2.37	3.712	0.5237	0	0	0	1.247	0	2.043	1.523	3.094	0
PGLYRP2	0	0	0	1.867	0	0	3.187	5.059	0	0	2.469	1.756	0	0	4.589	2.604
PGLYRP3	3.165	6.93	6.62	5.757	8.501	5.908	0.5237	4.569	0	5.944	0	7.29	2.614	1.998	6.322	0.8881
PGLYRP4	2.526	3.878	6.035	3.163	5.643	0	1.998	0	2.648	4.454	2.164	6.913	2.043	2.355	4.764	0
PLA2G2A	8.073	8.754	9.488	8.669	6.684	7.247	4.224	4.569	9.135	6.336	11.24	7.655	4.706	9.047	11.67	8.004
PLAU	7.069	8.754	7.644	9.009	8.657	9.249	7.007	9.526	8.408	8.805	8.202	10.04	10.22	8.594	9.976	9.55
PLAUR	8.734	8.777	8.117	9.087	8.412	8.251	7.555	10.1	8.186	7.851	7.751	9.245	9.931	8.701	10.56	10.34
PLOD1	10.57	10.15	9.255	9.062	9.353	10.73	10.04	10.76	9.748	9.937	10.1	10.61	10.37	10.23	10.63	10.19
PLOD2	11.22	9.828	9.661	8.835	9.21	10.07	9.933	10.58	9.311	10.4	9.716	10.21	10.33	9.279	10.27	8.687
PLOD3	11.42	10.38	9.746	11.01	10.25	10.25	11.59	10.3	10.72	10.6	10.96	10.75	10.63	11.17	10.97	12.47
POLR1B	8.651	8.589	9.257	8.392	9.114	9.711	9.339	8.577	11.14	9.142	9.323	8.833	9.548	9.4	8.563	9.165
POLR2A	7.996	9.115	9.381	7.964	9.378	8.526	8.854	8.901	8.846	8.675	8.911	9.777	8.863	10.19	9.713	9.028
PPARG	6.498	9.5	8.612	6.752	4.626	5.859	5.382	3.219	4.775	7.65	5.966	6.581	5.646	7.479	8.107	5.069
PPARGC1A	8.096	8.602	8.955	7.084	5.707	9.232	8.991	6.508	5.404	8.632	7.633	9.18	5.809	7.172	7.79	8.527
PPBP	2.982	4.183	0	0	3.107	1.086	0	0	3.415	4.097	2.469	2.493	0	3.263	7.8	0.8881
PPIA	10.31	10.33	10.54	10.03	10.25	10.68	9.811	9.33	9.893	10.54	9.242	9.712	9.481	10.63	9.579	10.44
PRAJA1	7.37	7.716	7.612	6.989	7.051	7.734	6.546	7.964	7.394	7.524	6.573	7.851	7.531	7.986	7.086	6.305
PRF1	8.266	7.692	7.059	6.553	7.064	7.294	9.197	5.425	6.861	10.04	8.354	9.069	7.686	5.471	7.618	7.427
PRKRIR	9.899	10.37	10.38	10.32	10.29	10.62	10.12	10.09	10.01	10.07	9.99	10.72	9.821	10.08	10.51	9.724
PROCR	6.999	8.515	7.395	8.626	6.747	6.358	4.788	6.989	6.817	5.764	8.171	7.29	7.554	7.21	8.439	6.324
PSMB10	8.794	8.602	8.721	8.375	8.311	8.546	9.06	6.905	7.833	10.28	9.292	8.995	9.467	7.791	9.117	7.773
PSMB8	11.2	11.23	10.87	10.95	11.52	11.2	12.09	10	11.16	12.48	11.84	11.49	11.76	9.04	11	11.33
PSMB9	10.35	10.08	9.675	9.958	9.726	10.09	11.47	9.373	10.01	11.79	10.58	10.21	11.34	8.274	10.1	9.955
PSME1	11.05	11.24	11.5	10.71	11.31	11.02	11.46	11.02	11.64	12.65	11.39	11.19	11.28	9.846	11.22	10.32
PSME2	12.52	11.9	11.6	11.05	11.54	11.57	12.84	11.28	11.79	13.02	12.01	11.86	12.23	10.97	11.86	11.36
PSME3	11.34	11.61	11.38	10.95	11.56	11.19	11.08	10.96	11.47	11.43	11.52	11.52	10.49	10.94	11.29	11.66
PTAFR	6.392	7.353	7.071	7.193	6.7	7.247	5.972	6.508	6.585	8.105	7.239	7.589	8.519	6.642	9.113	7.391
PTEN	9.618	10.57	10.22	9.02	10.14	10.11	6.516	9.419	9.897	9.534	9.601	10.55	9.301	8.9	10.14	9.546
PTGS2	6.062	7.884	7.546	4.189	8.036	5.048	4.224	6.43	5.463	3.879	5.812	7.042	6.068	6.682	6.668	5.499
PTK2	11.41	11.04	11.34	10.5	10.93	11.76	11.33	11.07	11.25	11.41	10.82	11.41	10.72	10.28	11.11	11.12
PTPRC	7.915	7.925	7.376	7.041	7.743	7.857	6.832	6.618	6.946	8.499	8.16	7.906	8.842	6.2	8.014	6.141
PTX3	8.485	7.226	7.604	5.176	5.829	6.322	5.447	9.622	9.575	7.075	5.941	7.017	6.131	6.211	9.076	4.875
PYCARD	8.459	8.188	8.381	6.847	8.713	6.907	9.422	4.951	6.26	9.371	8.975	8.551	7.882	6.424	9.076	6.985
PYDC1	2.526	4.92	5.713	4.189	7.239	3.818	0.5237	0	0.9026	0	0	2.979	0	0	0	0.8881
RAC2	9.792	8.562	9.634	8.473	8.397	8.872	9.166	10.22	8.81	10.38	10.22	9.5	10.66	7.558	9.639	9.143
RARA	8.624	9.749	9.374	8.788	9.031	9.007	8.795	8.818	9.277	9.163	8.984	9.426	9.291	9.605	9.226	9.564
RARB	9.198	5.768	6.974	4.851	8.11	9.067	5.061	9.517	9.301	6.644	6.49	7.447	7.467	6.832	5.939	6.324
RARG	7.724	9.775	9.501	8.526	10.05	8.75	8.486	7.392	8.459	8.645	8.975	9.891	7.539	8.501	8.73	7.133
RARRES3	8.605	7.751	7.883	7.244	7.355	7.971	9.431	6.876	8.513	11.36	8.457	8.659	9.242	6.533	7.629	6.898
RBP5	5.504	4.183	4.216	2.495	3.448	3.474	2.968	0	6.192	4.604	4.417	4.259	5.783	2.188	2.442	0
REG3G	3.607	4.745	3.829	0.7299	2.9	4.466	2.398	2.172	5.651	0	0	0	2.832	1.523	0	3.507
RELA	9.037	9.571	9.393	8.454	9.267	9.112	9.35	9.728	9.25	9.394	9.47	9.842	9.126	9.042	9.708	8.932
RELB	7.011	8.081	7.659	6.651	7.471	7.523	6.575	7.51	7.156	7.813	7.471	7.718	8.299	6	7.07	6.792
RFX5	8.741	8.865	9.041	8.771	8.756	9.279	9.628	9.019	8.587	9.339	9.023	9.412	9.287	9.217	9.008	8.944
ROBO1	9.858	8.993	9.117	8.298	9.882	9.284	7.437	9.357	9.085	8.749	8.373	9.62	8.33	8.845	8.311	8.547
ROBO2	7.169	8.76	7.808	8.024	8.473	6.41	5.061	4.708	3.826	7.844	3.91	8.177	2.832	3.979	6.174	3.035
ROBO3	6.532	6.991	5.486	5.419	6.045	5.809	5.927	5.059	6.065	6.744	6.037	5.953	6.728	4.562	5.902	5.429
RPL19	11.76	13.19	13.72	12.37	13.78	13.97	10.98	11.09	13.42	13.13	12.11	12.52	12.3	13.15	11.85	12.11
RPLP0	12.57	13.79	14.34	13.02	14.53	13.84	11.46	12.92	14.21	13.52	13.09	14.11	12.71	13.88	13.3	13.21
RXFP1	4.042	1.376	4.652	1.215	3.287	3.917	0	0	3.529	0	2.935	4.078	3.189	3.084	2.442	3.366
Runx3	8.572	10.05	9.6	7.754	8.888	7.741	11.1	5.649	6.711	9.282	8.5	8.737	10.33	8.024	10.45	11.72
S100A1	11.92	6.2	11.32	6.838	8.86	13.11	11.98	5.503	11.53	12.15	12.05	10.29	10	9.8	10.52	12.68
S100A10	13.72	14.37	13.28	13.89	13.87	13.28	13.15	14.12	12.27	12.79	12.84	14.22	12.77	12.94	14.2	13.58
S100A11	13.89	14.78	14.1	14.85	14.51	14.36	14.43	15.54	13.45	14.21	14.34	15.74	13.69	13.8	15.28	14.94
S100A12	6.565	3.25	5.338	3.765	5.13	0	3.694	4.569	4.99	3.622	4.417	9.898	4.179	4.171	6.044	0
S100A13	11.11	10.9	10.92	10.48	10.46	11.16	11	11.26	10.58	10.61	11.67	11.49	11.27	10.18	11.07	11.68
S100A14	4.517	9.619	9.713	8.093	10.58	7.599	0	4.242	5.374	7.881	0	11.04	3.339	2.355	7.943	2.329
S100A2	7.823	11.42	11.53	9.546	12.52	9.743	5.005	9.912	9.557	10	8.021	14.81	6.871	5.397	10.79	8.045
S100A3	2.982	8.099	5.172	9.249	5.914	5.288	2.711	5.425	2.648	3.309	5.175	6.475	4.591	3.697	4.589	2.329
S100A5	0	0	2.713	0	3.592	0	1.746	5.16	2.648	0	1.777	0	3.021	3.345	0	0.8881
S100A6	12.43	13.58	12.48	11.97	13.04	11.97	12.22	14.74	13.31	12.16	13.73	12.93	12.08	11.42	13.5	13.98
S100A7	5.399	10.87	14.08	9.576	14.76	9.464	4.916	5.716	11.14	11.62	4.677	15.95	5.703	4.724	12.09	4.822
S100A7A	4.707	3.25	6.998	0.7299	6.618	3.021	3.829	4.569	5.311	2.352	0.3988	8.936	4.591	3.873	4.764	1.988
S100A7L2	0	0	0	0	0	0	0	0	0	0	0	0	1.086	0	0	0
S100A8	7.602	9.711	12.4	6.935	14.14	6.895	6.164	7.307	11.22	9.962	5.865	15.68	8.37	5.397	11.36	5.882
S100A9	9.31	9.901	12.77	9.162	14.25	7.713	8.279	9.483	11.5	10.44	8.391	16.11	10.05	8.358	12.15	8.346
S100B	13.71	10.75	12.3	8.965	12.14	12.53	12.47	12.47	13.28	13.54	12.9	8.072	10.25	9.61	13.8	11.25
S100P	5.399	7.605	9.671	6.698	8.122	4.329	1.441	2.172	6.699	5.32	4.099	7.484	0	4.596	7.227	2.836
S100Z	4.707	2.961	2.713	2.108	0	0	3.082	4.046	3.529	1.965	1.777	1.756	4.706	1.78	5.363	0
S1PR1	8.09	8.395	7.75	6.725	6.513	6.781	5.881	5.958	6.759	6.129	7.899	8.414	7.392	7.554	8.325	6.246
S1PR2	8.096	8.015	7.801	6.989	7.688	8.542	7.794	8.63	8.138	8.136	8.663	7.808	7.826	7.791	8.709	7.98
SAA1	9.204	10.96	10.19	5.684	0	3.338	2.563	0	5.177	4.097	8.888	2.979	6.393	6.433	8.36	4.875
SAA2	8.281	8.271	9.463	4.817	2.007	2.613	0	0	5.311	0	6.573	4.078	3.918	4.869	6.322	2.329
SDC1	7.503	11.69	11.69	10.79	12.43	10.27	6.526	8.922	8.645	10.15	6.385	12.96	9.201	6.986	10.18	7.95
SDC2	12.07	10.68	9.632	9.001	10.11	9.815	7.764	9.55	10.66	11.15	9.755	11.17	8.962	9.556	10.26	8.845
SDC3	13.14	10.58	10.64	9.709	11.86	11.19	12.21	12.25	13.07	12.84	12.56	10.49	12.52	9.472	12.06	13.23
SDC4	11.25	11.38	12.22	10.46	11.88	11.23	11.34	13.73	10.69	10.56	9.87	10.55	10.06	9.013	10.88	9.546
SDHA	10.53	10.72	10.7	10.38	10.18	10.67	10.92	9.744	10.09	10.53	10.55	10.77	11.56	10.81	11.12	10.52
SDK1	5.284	7.428	6.652	6.805	6.7	5.908	3.376	6.347	4.95	5.135	4.845	6.966	6.341	5.377	6.403	3.635
SELL	10.06	6.33	7.216	6.501	6.188	7.442	7.94	6.618	6.794	8.542	9.342	7.429	9.087	6.336	7.212	6.006
SELPG	7.159	6.889	7.385	6.015	7.216	7.383	4.648	4.242	6.103	6.517	7.437	8.316	6.191	5.839	7.397	3.21
SEMA3A	9.001	7.762	7.338	4.748	7.711	8.164	4.685	9.434	5.573	5.887	5.408	5.529	6.883	5.577	6.668	5.565
SEMA3B	11.7	10.11	8.663	7.59	9.456	8.767	8.297	12.77	9.465	9.489	11.35	9.117	9.159	5.922	10.25	11.45
SEMA3C	8.33	10.34	9.632	7.98	9.442	9.244	8.052	9.388	8.16	9.014	8.823	9.436	8.647	9.486	9.101	8.759
SEMA3D	10.69	9.994	9.181	8.214	9.795	9.518	8.282	6.508	11	10.6	9.611	7.959	7.313	7.625	8.563	7.633
SEMA3E	5.635	7.122	7.226	4.712	3.592	0.1682	4.534	6.469	4.146	3.879	4.008	0	4.33	4.924	5.657	3.635
SEMA3F	6.899	9.106	8.667	7.411	9.72	7.228	5.912	4.415	6.432	7.417	6.127	9.146	6.41	7.957	7.436	5.882
SEMA3G	6.949	9.378	8.404	6.532	5.994	6.023	4.32	5.958	5.212	5.444	6.272	7.484	5.757	7.4	8.162	5.023
SEMA4A	7.137	8.387	8.608	7.231	8.524	7.022	6.926	5.16	5.651	8.054	7.365	8.722	8.303	7.024	7.595	6.616
SEMA4B	9.211	9.34	8.863	8.497	9.846	8.462	7.874	8.512	8.53	8.777	7.8	10.43	8.463	7.758	8.446	7.133
SEMA4C	8.493	9.168	8.793	8.295	9.005	7.483	9.279	8.707	9.14	8.692	8.75	9.856	9.352	8.998	9.732	11.4
SEMA4D	9.034	8.886	8.853	8.046	9.608	8.303	7.25	8.893	7.292	9.323	8.954	9.445	9.59	6.642	7.897	6.764
SEMA4F	4.042	3.698	3.829	1.578	4.557	4.399	2.711	5.842	6.027	3.123	5.784	4.259	6.393	1.998	5.25	6.052
SEMA4G	3.841	6.532	6.15	4.817	7.026	5.325	3.621	2.172	4.466	5.732	2.935	6.054	5.174	2.641	5.061	3.21
SEMA5A	10.67	10.18	11.43	8.621	11.18	9.054	7.902	8.005	11.35	10.44	7.853	10.31	8.247	9.825	11.24	11.31
SEMA5B	6.152	6.131	5.413	4.817	6.165	6.714	5.061	3.55	5.676	3.992	6.082	7.351	5.73	6.728	5.307	4.651
SEMA6A	6.373	7.592	7.644	9.649	6.747	8.572	8.32	2.172	4.629	6.517	8.331	9.473	6.323	9.393	9.673	8.204
SEMA6B	5.635	5.722	5.62	5.527	6.438	6.21	5.142	6.213	6.503	4.74	6.938	8.131	7.322	6.286	8.58	6.936
SEMA6C	6.316	7.552	7.45	6.247	7.499	7.257	5.817	7.328	6.828	5.972	6.767	8.975	7.721	7.269	7.696	6.305
SEMA6D	7.695	7.122	8.486	6.183	7.781	7.467	8.279	7.35	8.393	8.436	7.209	9.368	6.11	6.559	8.261	6.12
SEMA7A	7.495	7.322	7.706	8.786	8.416	8.841	7.525	9.429	9.018	7.457	6.875	8.969	8.974	8.625	9.591	7.02
SHFM1	10.38	10.31	9.914	10.39	10.38	8.878	10.87	10.68	10.51	10.47	9.88	11.13	9.88	10.63	10.04	11.49
SIGLEC14	4.042	0	1.713	2.495	3.107	2.613	1.054	2.788	0	3.309	0	1.756	4.65	0	0	2.836
SIX2	5.16	2.598	3.935	4.241	2.37	2.356	0	0	4.865	4.195	3.286	6.054	4.01	4.492	6.044	1.54
SKIV2L	8.892	8.395	8.567	8.283	8.657	8.584	9.244	7.802	8.629	8.636	9.365	8.833	9.226	8.986	8.959	8.162
SLAMF1	5.695	4.546	5.986	5.122	5.033	5.325	3.893	1.072	5.212	6.609	5.941	4.815	7.066	3.084	4.493	3.862
SLAMF6	5.991	2.598	3.45	3.765	3.955	3.917	4.493	0	3.415	6.129	5.756	5.381	6.249	2.641	3.094	3.035
SLAMF7	8.363	8.196	7.772	8.988	8.775	9.609	8.294	2.788	7.537	10.75	8.882	10.5	10.89	6.243	7.81	7.288
SLIT1	5.538	4.92	3.298	4.241	4.557	5.173	5.834	5.254	4.99	5.999	4.486	6.149	6.068	3.263	5.468	5.023
SLIT2	7.023	8.529	9.035	6.356	7.63	7.838	4.174	7.892	6.976	6.996	7.355	7.906	6.601	7.423	7.728	6.098
SLPI	11.57	10.25	10.06	8.34	10.73	8.113	2.968	2.788	6.861	8.288	6.557	13.33	2.614	3.816	9.415	0.8881
SMAD3	9.598	10.65	10.12	9.58	10.04	9.856	9.079	9.568	9.814	9.687	10.15	10.7	10.4	9.566	10.05	8.932
SMAGP	6.644	8.502	8.916	7.394	9.328	7.022	5.662	7.144	7.661	6.912	6.439	9.817	6.989	7.492	7.925	5.802
SMURF2	8.4	10.19	9.931	9.333	10.16	9.745	8.828	11	10.27	9.585	9.557	10.3	9.659	9.934	9.513	8.919
SOCS1	8.306	7.413	8.082	5.939	6.548	6.82	6.125	6.013	7.147	7.859	7.068	7.114	7.219	5.895	6.93	5.688
SOCS3	9.438	11.73	11.38	8.194	9.117	8.316	7.704	9.346	8.868	8.214	10.69	9.98	10.01	10.69	10.67	9.507
SOD1	9.106	9.289	8.935	9.759	8.775	8.941	8.93	8.95	10.11	9.225	8.513	9.202	8.72	7.515	9.576	8.485
SORT1	13.38	11.9	13.3	11.72	12.16	12.71	12.2	12.14	11.62	12.64	12.21	12	12.23	10.8	12.23	12.64
SP1	9.72	9.374	9.507	8.758	9.381	8.546	9.419	9.147	9.692	9.475	9.601	9.561	9.002	8.693	9.656	8.107
SPI1	8.835	10.6	10.27	10.55	10	10.24	8.113	9.986	9.686	10.8	9.465	10.3	10.6	9.319	10.6	9.494
SPN	6.777	6.71	6.357	6.143	6.618	5.494	6.575	3.219	5.142	7.407	7.249	7.205	7.57	4.078	6.349	5.023
SSTR1	0	3.491	3.128	2.8	3.287	2.831	0.5237	3.219	3.005	0	2.164	0	3.339	2.355	3.722	0
SSTR2	4.133	2.961	3.298	3.163	0	4.009	3.544	3.219	3.913	4.373	3.91	5.663	3.918	3.979	4.493	0
STAT1	10.3	10.74	9.709	9.971	10.33	10.68	11.31	8.393	10.35	12.71	10.98	10.9	11.75	9.127	9.967	9.81
STAT3	11.64	12.24	12.29	11.34	12	11.66	11.6	11.9	12	12.28	11.6	12.39	11.35	11.5	11.9	11
SYK	7.092	7.512	7.503	8.05	8.898	7.321	5.817	7.095	6.883	8.105	7.167	8.516	8.475	7.866	8.318	6.764
Spry2	11.52	10.34	11.83	8.267	10.63	11.67	11.08	11.79	12.1	11.59	11.33	9.001	10.82	8.534	9.482	10.9
Spry4	11.25	8.179	11.28	6.143	9.47	10.93	9.485	8.639	11.91	11.12	9.571	8.199	10.04	8.224	7.41	8.619
TACR1	5.16	6.095	5.298	4.474	4.409	4.706	3.187	4.046	4.577	4.674	4.791	5.598	4.813	5.489	5.657	4.231
TANK	9.677	10.56	10.63	9.713	10.57	10.54	9.094	9.609	9.783	10.41	9.435	10.76	10.06	9.424	10.15	9.265
TAP1	9.42	9.261	8.278	8.638	9.221	8.787	11.17	7.706	8.389	10.8	9.931	9.174	9.953	6.832	8.982	8.42
TAP2	9.606	8.849	8.628	8.475	8.641	8.944	11.14	7.786	8.648	10	10.1	9.298	9.852	7.194	9.45	8.342
TAPBP	11.64	10.88	10.81	10.2	10.62	10.65	12.12	10.56	10.32	11.75	11.19	11.14	11.44	9.736	11.16	10.01
TAPBPL	8.354	8.64	8.596	7.57	8.445	8.307	8.113	7.964	7.259	9.271	7.93	8.498	8.118	7.728	8.539	6.616
TCF4	8.363	9.882	9.216	8.057	9.422	8.896	5.927	7.755	8.488	8.143	8.032	10.41	8.299	8.453	8.837	7.307
TCF7L2	8.445	10.4	10.42	9.784	9.529	9.884	7.188	8.78	8.331	8.721	9.257	9.799	8.471	9.008	8.959	8.506
TEC	3.841	6.585	5.45	5.665	7.183	5.462	4.493	6.166	4.95	5.23	6.473	6.149	5.495	4.527	6.174	4.767
TEK	5.665	7.692	7.035	5.35	6.339	5.955	2.563	8.915	6.027	5.033	5.608	8.096	4.591	5.987	6.264	3.963
TGFB1	9.302	9.34	9.023	8.242	9.493	8.982	8.766	8.936	9.008	9.01	9.301	10.41	9.305	8.46	9.729	8.773
TGFBR1	11.24	11.4	11.48	10.86	11.21	11.26	12.2	12.11	11.66	11.07	11.19	12.28	11.01	10.85	12.39	11.89
TGFBR2	11.58	12.15	11.53	10.97	11.36	11.39	9.732	10.74	11.53	11	11.49	11.55	10.56	10.68	11.97	10.07
TGFBR3	9.722	10.61	10.14	8.636	9.283	8.73	8.237	6.653	7.661	8.61	8.872	9.504	7.748	8.111	9.476	8.393
THBS1	13.14	11.82	11.71	11.18	12.16	13.03	10.5	12.73	13.57	10.95	11.31	13.29	13.14	12.33	13.44	13.14
THRA	8.157	10.2	9.696	8.462	9.141	9.156	8.681	8.308	8.382	8.945	8.996	9.282	8.194	9.915	9.348	8.963
THRB	7.18	8.782	8.808	6.896	8.82	7.78	4.012	4.835	5.701	6.76	6.507	8.424	5.395	6.541	7.869	5.319
TICAM1	7.495	9.207	8.896	8.002	8.091	8.356	7.789	8.723	7.183	8.277	8.764	9.02	8.33	7.523	9.029	8.698
TICAM2	7.724	8.271	8.059	8.415	7.997	8.884	6.39	9.788	8.242	9.02	7.86	8.73	7.942	7.773	8.627	8.576
TIE1	7.702	9.261	8.273	7.126	7.719	7.941	5.359	6.469	7.623	5.887	7.419	9.324	7.238	8.37	8.502	6.6
TIMP1	13.42	12.23	12.06	11.13	12.55	12.64	11.42	14.97	13.4	12.45	12.32	12.08	13.7	11.68	12.68	13.03
TIMP2	11.93	13.66	12.12	11.88	12.45	12.34	12.11	12.85	12.45	11.91	13.06	13.62	11.8	12.33	13.57	11.98
TIMP3	11.6	14.43	13.02	11.92	12.51	12.38	9.264	15.8	11.53	11.45	13.86	12.58	13.28	12.8	12.16	12.98
TIMP4	6.899	8.865	7.237	4.817	1.522	3.021	2.563	5.16	0	3.309	3.91	5.953	3.713	6.296	5.902	2.836
TK2	8.892	10.31	9.719	8.623	9.173	9.633	9.243	9.652	9.602	9.578	9.292	9.961	8.832	8.143	9.94	8.972
TLR1	6.911	7.442	7.849	8.298	7.113	8.27	7.789	9.134	7.866	8.597	8.312	7.311	8.348	6.954	9.084	6.96
TLR10	7.046	2.961	5.52	5.327	4.626	5.213	6.058	6.117	5.311	6.357	7.011	4.419	7.614	3.177	5.701	3.963
TLR2	8.178	6.824	7.162	6.379	6.07	6.942	6.19	8.521	7.903	8.13	6.127	7.39	8.679	6.144	8.959	7.814
TLR3	6.108	7.192	7.216	5.826	6.762	6.87	6.475	5.716	6.893	7.967	6.808	6.28	7.088	5.255	5.864	5.158
TLR4	7.702	9.194	8.616	8.652	8.004	8.534	7.41	8.723	9.039	9.211	8.562	9.218	9.259	8.305	9.675	8.738
TLR5	6.354	7.322	6.998	5.441	5.886	6.741	4.685	6.213	6.007	6.177	5.639	6.71	6.769	6.167	6.873	5.882
TLR6	7.434	7.067	7.413	7.668	6.762	7.149	7.87	9.695	7.431	7.881	8.566	7.998	8.174	6.705	7.934	6.225
TLR7	6.999	7.307	6.486	7.166	6.531	7.499	6.623	8.121	7.147	8.327	7.346	7.39	8.005	6.533	8.304	7.317
TLR8	6.41	7.086	6.338	6.115	6.142	7.149	5.549	7.016	6.402	8.209	6.781	7.687	7.238	5.767	7.474	5.882
TLR9	5.284	5.463	5.683	4.748	4.485	4.009	4.534	5.425	3.826	6.078	5.784	6.149	5.956	3.566	4.589	3.366
TNF	4.765	7.353	7.205	6.532	6.777	6.267	3.082	4.951	4.283	7.222	5.577	5.844	6.002	4.754	6.429	1.54
TNFAIP3	8.189	8.938	10.08	6.321	8.469	7.276	6.614	6.989	7.308	7.766	8.187	8.048	8.668	6.736	7.641	8.623
TNFRSF10A	5.504	6.449	6.172	4.675	5.675	5.429	4.452	2.788	5.311	5.887	5.891	6.939	5.526	4.215	6.205	3.035
TNFRSF10B	8.715	9.939	10.3	8.652	9.78	8.699	11.14	10.22	10.71	9.777	10.3	9.81	9.06	8.958	10.8	8.752
TNFRSF10C	3.474	5.406	4.935	5.792	2.37	0	6.526	3.819	6.121	3.309	5.257	5.381	4.097	3.816	4.679	5.2
TNFRSF10D	7.058	7.175	7.071	6.436	6.865	5.908	5.115	7.371	5.84	5.972	6.724	7.749	6.249	6.452	7.663	5.2
TNFRSF11A	6.216	6.686	6.588	5.547	7.452	5.834	5.927	6.43	6.387	4.804	1.777	6.801	5.646	4.869	6.505	3.507
TNFRSF11B	6.832	7.104	5.035	5.684	6.298	6.375	7.361	8.005	6.503	7.15	5.966	6.4	8.4	5.001	6.601	8.14
TNFRSF12A	7.058	5.572	5.298	4.978	6.142	6.393	7.15	8.915	6.356	4.923	8.233	6.829	6.715	4.34	6.733	8.379
TNFRSF13B	5.695	2.113	4.52	4.291	0	3.818	4.885	0	4.146	4.097	5.669	2.979	6.687	1.78	4.027	2.836
TNFRSF13C	9.602	6.991	7.047	7.377	7.365	7.643	7.163	5.716	5.926	6.026	8.187	7.351	8.618	6.211	5.416	7.355
TNFRSF14	9.23	10.56	9.878	10.59	9.789	10.77	11.14	9.303	9.661	10.95	11.05	10.99	10.64	10.71	10.71	11.07
TNFRSF17	7.602	2.113	5.961	7.146	5.968	5.587	4.755	4.046	5.105	7.987	5.296	7.227	9.035	4.418	2.442	2.329
TNFRSF18	5.942	7.704	7.128	5.774	7.758	6.109	4.611	4.708	2.43	6.661	5.577	5.457	6.755	4.418	5.785	4.385
TNFRSF19	11.13	10.28	10.14	8.694	11.54	9.604	9.424	11.03	11.19	10.48	10.71	9.218	7.734	6.908	8.527	10.61
TNFRSF1A	9.438	9.606	9.763	9.09	9.83	9.701	8.96	9.901	9.843	9.583	9.48	9.904	9.049	9.206	10.57	8.568
TNFRSF1B	8.581	9.244	8.342	7.605	7.876	7.941	7.668	7.907	7.833	9.157	8.888	9.403	9.046	8.06	9.558	8.096
TNFRSF21	11.34	9.524	9.567	8.546	10.13	8.984	10.35	7.144	10.69	11.91	9.675	10.23	9.396	9.271	9.273	9.739
TNFRSF25	2.526	4.183	3.298	1.867	3.287	0.1682	3.187	0	3.291	0	0	0.1713	3.189	0.2528	0	0
TNFRSF4	5.504	5.217	4.883	4.241	4.329	4.399	4.32	0	4.99	5.559	5.891	0	6.586	5.594	3.722	4.651
TNFRSF6B	8.445	8.658	8.537	8.024	8.268	8.144	8.149	10.94	7.981	8.283	8.632	8.707	8.558	7.451	8.38	7.686
TNFRSF8	5.116	4.835	3.45	4.675	4.329	5.494	4.493	5.578	5.246	5.764	5.728	4.259	6.659	5.489	6.505	5.532
TNFRSF9	5.399	4.745	4.588	3.052	4.557	6.41	5.716	0	4.408	6.898	5.334	4.259	6.068	1.523	1.22	4.385
TNFSF10	7.341	9.72	9.397	8.089	9.312	8.334	7.913	5.958	7.935	9.105	7.866	10.05	8.383	7.12	8.539	6.75
TNFSF11	3.945	2.961	2.128	1.867	3.107	3.021	2.968	2.788	2.648	3.992	2.164	2.979	6.002	0.2528	4.764	4.231
TNFSF12	9.26	10.6	9.914	9.335	9.449	9.062	10	9.159	9.588	10.05	9.63	9.887	9.802	8.49	10.97	10.47
TNFSF13	5.399	6.267	5.743	6.115	6.419	5.978	5.359	5.254	6.475	6.898	6.127	6.194	6.586	5.318	6.554	5.394
TNFSF13B	9.823	7.526	7.955	7.873	7.622	8.138	7.958	8.241	9.417	9.477	8.771	7.959	9.912	6.86	8.502	7.814
TNFSF14	4.299	5.217	4.216	5.149	5.177	4.911	4.273	1.072	3.995	5.887	6.795	4.564	6.002	4.897	6.143	0
TNFSF15	7.478	7.209	6.698	6.156	6.211	7.888	6.536	5.901	7.074	8.08	6.33	8.096	7.9	5.737	7.286	7.73
TNFSF18	4.133	4.435	3.298	4.385	4.981	2.613	4.32	1.072	2.838	5.827	3.286	3.631	3.599	3.084	3.722	5.319
TNFSF4	8.167	6.449	7.644	6.447	7.324	7.149	8.306	7.262	8.463	7.543	6.06	6.939	7.96	7.29	6.554	7.633
TNFSF8	6.791	5.463	5.338	3.9	3.723	4.862	3.694	4.046	3.734	4.674	4.996	4.695	5.526	3.496	6.455	5.2
TNFSF9	6.085	7.785	6.856	6.209	8.127	6.988	5.625	6.213	5.374	6.695	7.269	6.511	5.617	7.103	6.578	6.486
TP53	9.753	10.9	10.66	9.281	10.81	10.57	9.285	9.626	10.08	10.14	10.18	10.61	10.1	10.29	9.513	9.813
TRAF3	8.118	9.079	9.27	8.346	9.264	9.186	8.791	10.12	8.743	9.208	8.529	9.344	9.477	7.921	9.129	8.551
TRIM22	8.917	9.531	8.721	7.686	8.279	8.159	9.231	7.262	7.877	9.683	9.078	9.99	9.156	7.237	8.458	7.626
TRIM27	8.291	8.342	8.656	8.818	8.377	9.329	9.597	8.275	8.924	8.99	9.383	8.542	8.996	9.099	9.457	8.897
TRIM46	5.071	4.745	4.713	4.516	4.485	4.53	5.716	7.069	2.43	5.32	5.371	5.216	5.884	5.19	4.279	5.829
TRIM5	7.618	7.936	7.69	6.542	7.414	8.174	7.909	7.786	7.924	8.773	7.626	8.47	7.531	6.386	7.512	7.133
TRIM69	2.982	1.376	0	3.537	0	1.642	2.563	0	0	3.474	1.777	0	1.086	0.2528	0	0
TRPC4AP	10.33	10.6	10.53	10.1	10.26	10.5	10.14	9.788	10.19	10.62	10.28	10.95	10.34	9.997	10.53	9.873
UBR1	8.467	8.409	8.288	7.294	8.191	8.293	8.6	8.707	8.246	8.721	8.487	8.995	8.467	7.588	8.751	7.618
UBXN1	6.373	7.383	6.935	5.908	6.651	6.524	6.085	6.508	5.676	6.357	6.524	7.622	6.427	6.788	6.668	6.343
ULBP1	5.024	4.183	3.128	2.656	3.844	3.917	2.563	5.16	5.491	2.657	3.91	0.1713	4.959	6.584	1.957	2.604
ULBP2	5.571	4.039	4.035	3.452	5.266	2.831	4.409	5.901	5.246	2.352	3.91	6.102	5.646	4.784	5.25	4.822
VCAM1	10.12	9.407	9.948	8.068	9.338	9.811	9.279	5.342	9.943	10.54	9.289	9.591	10.41	8.297	9.678	9.673
VCAN	10.21	10.36	9.748	9.597	9.998	11.35	6.595	7.51	10.65	8.757	9.204	11.98	10.91	10.61	11.64	9.742
VEGFA	11.3	10.42	10.38	9.317	10.54	9.251	10.06	14.02	9.673	8.605	9.358	11.46	10.52	11.99	10.4	11.45
VIM	5.435	6.299	6.486	6.458	7.25	6.87	5.005	5.958	6.084	6.744	5.838	3.872	6.323	8.108	5.701	4.589
VTN	2.229	0	3.128	2.931	2.007	2.831	2.968	5.254	3.291	1.965	1.777	3.631	3.189	3.566	3.542	2.329
WNT5A	7.537	7.894	8.162	6.959	8.764	7.965	5.972	9.058	6.956	8.374	6.925	10.45	7.531	6.189	7.536	7.427
XCL1	5.81	3.491	3.935	3.9	3.107	4.096	5.115	4.242	3.913	4.804	4.486	4.815	4.863	4.841	4.92	3.366
XCR1	5.399	6.2	5.298	5.278	6.684	5.133	4.224	5.16	3.826	6.609	4.845	5.216	5.73	2.505	5.975	3.21
Xbp1	11.35	9.385	9.883	9.471	9.697	10.1	9.353	10.67	9.461	10.16	9.415	11.02	11.67	8.914	10.25	9.695
ZAP70	8.199	7.751	7.757	6.871	8.236	7.869	7.569	5.342	6.759	8.266	8.466	8.06	9.005	6.533	6.854	5.802
ZC3HAV1	10.09	10.62	10.41	9.488	10.51	9.74	10.04	10.43	9.477	10.4	10.33	10.71	10.31	9.991	10.13	10.17
