6	18	2	3	4	6.1	6.2	8	9	•15	16	18.1	24	25	49	50	52	54
ACO2	10.08	12.05	10.25	9.856	9.435	10.39	10.34	10.38	9.843	9.872	10.51	11.87	9.457	10.25	10.05	10.9	7.237	10.58
ACTB	14.83	16.64	15.67	15.73	15.65	15.79	14.98	15.43	15.23	15.89	15.48	18.08	14.78	14.89	15.09	15.88	14.38	15.64
ACVR1C	4.871	0.2619	4.854	5.885	5.907	7.467	6.95	5.084	5.758	6.083	8.276	8.555	4.589	4.5	4.33	8.617	8.682	8.076
ACVR2A	7.803	9.604	8.024	8.473	8.464	7.305	6.003	9.071	7.931	7.915	7.658	9.859	7.626	7.629	6.707	8.054	7.828	7.591
ACVR2B	5.241	8.909	7.152	8.216	6.638	6.116	5.521	6.33	7.044	7.315	7.919	11.34	7.401	5.845	6.861	7.892	9.837	7.306
ADA	6.879	8.175	6.059	7.118	8.186	7.031	5.845	7.698	7.213	7.931	7.721	9.13	7.085	6.118	6.652	7.374	3.741	7.616
AIM2	6.367	5.306	12.13	7.534	7.707	7.587	6.075	8.704	8.336	6.544	8.955	9.13	9.69	1.92	6.978	8.561	12.01	8.575
ALAS1	8.679	10.39	9.802	8.686	8.248	8.999	8.854	9.381	9.364	9.508	9.048	10.8	8.586	8.199	9.567	12.12	10.08	8.897
ALCAM	10.01	7.593	10.13	9.304	9.496	8.517	7.924	10.01	8.202	8.325	7.02	10.12	8.647	7.633	6.778	9.42	9.975	10.01
AMICA1	8.93	9.047	11.59	10.16	10.2	8.59	6.553	12.59	10.82	8.682	7.569	12.98	9.549	6.697	8.426	10.63	12.38	9.449
AMIGO1	0	6.976	3.327	5.166	5.357	4.827	0	5.582	3.178	4.846	2.494	7.985	3.293	4.605	3.762	6.011	4.84	5.546
AMIGO2	6.209	0.2619	8.05	8.7	7.019	8.67	2.633	9.132	7.685	6.27	3.968	9.28	7.072	4.795	5.741	9.085	10.95	7.722
AMIGO3	3.994	0	0	0.1722	4.976	1.472	0	3.188	1.15	2.183	0	0	3.459	0	5.809	4.41	4.84	3.31
ANGPT1	6.4	7.593	8.856	9.146	9.064	8.434	4.012	7.123	7.922	6.565	6.388	10.59	8.41	6.697	5.826	8.118	11.63	8.038
ANGPT2	7.714	6.976	7.601	8.997	9.428	8.741	6.578	6.953	8.148	7.592	8.234	10.34	9.001	11.36	8.148	6.338	10.1	7.658
ANGPT4	1.387	0.2619	3.327	0.1722	3.445	4.181	2.186	4.793	4.218	0	0	2.94	3.459	0	2.342	3.435	5.457	2.93
AOC3	7.887	9.474	5.715	9.185	9.729	11.53	7.026	7.87	8.33	7.978	6.792	12.74	6.299	6.51	6.932	9.037	9.355	7.242
ARG1	10.03	5.306	3.327	4.603	3.445	4.181	0	9.79	5.072	6.111	6.611	9.952	1.419	0	3.06	1.747	6.911	3.86
ARG2	3.994	0	4.854	5.001	3.218	2.164	5.572	6.088	4.32	5.867	6.998	0	6.383	5.313	5.532	4.843	0	5.185
B2M	16.04	17.36	18.22	17.02	16.39	17.07	16.73	17.58	17.75	15.04	15.78	20.88	17.24	14.96	15.93	17.48	18.64	16.77
BATF3	4.303	0	5.715	5.313	5.868	4.54	2.633	5.084	4.108	3.803	4.142	2.94	5.347	3.062	4.421	4.305	6.219	3.86
BCAM	7.283	8.758	6.419	7.363	7.417	9.522	4.792	8.598	7.732	8.124	5.236	11.07	6.186	7.288	7.441	8.022	6.715	7.599
BCAN	0	7.73	0	0	0	0	0	0	1.842	6.27	6.566	0	1.949	8.715	6.985	0	0	3.86
BECN1	9.93	12.44	11.12	10.72	10.44	10.22	9.916	10.79	10.31	10.73	10.04	14.57	10.38	10.21	10.47	10.68	11.7	10.91
BGN	8.17	9.148	10.15	11.54	12.3	9.771	7.262	9.244	9.565	9.443	8.439	14.88	7.644	9.979	8.288	10.38	14.21	9.769
BID	8.244	0	8.329	8.588	9.328	8.016	7.735	9.214	8.628	8.124	8.15	9.13	8.43	7.36	7.722	8.882	8.317	8.526
BMPR1A	9.01	11.27	9.58	9.898	9.374	9.635	8.473	10.11	9.322	9.262	9.037	12.87	8.879	9.225	8.178	9.957	11.96	9.437
BMPR1B	7.695	10.36	3.327	5.166	7.071	7.722	7.569	4.793	4.416	4.169	7.117	9.416	2.893	3.486	3.454	5.943	9.421	8.789
BMPR2	10.27	10.31	9.183	9.834	9.674	10.57	10.75	9.925	9.382	9.437	10.92	9.76	9.439	9.495	9.65	10.23	10.94	10.06
BST2	13.21	13.12	15.29	12.73	12.89	15	15.18	13.15	13	13.89	14.15	16.04	13.55	12.37	13.63	14.24	15.47	12.86
C3	10.22	6.976	10.52	10.67	9.751	9.205	5.76	10.86	10.08	9.44	7.913	0	10.52	8.936	4.33	11.52	9.421	10.7
C5	6.991	7.593	5.715	5.058	6.151	6.993	6.765	6.63	6.167	5.69	4.891	10.04	4.271	5.507	5.404	6.465	7.083	6.364
CADM1	8.665	6.284	9.4	8.228	7.639	6.763	6.553	8.283	7.813	9.851	7.148	9.28	10.48	10.08	5.723	9.667	5.457	9.253
CADM2	4.232	3.432	5.261	6.143	5.464	5.506	3.681	5.986	5.758	3.494	3.77	7.985	4.439	3.692	3.957	5.235	8.627	8.969
CADM3	6.597	4.906	7.289	5.166	7.929	7.453	3.481	7.439	6.464	4.777	2.73	0	7.441	4.128	7.093	6.284	3.741	10.11
CADM4	5.204	0	9.111	8.953	6.683	4.642	0.3113	6.302	7.117	7.091	7.075	7.985	6.911	5.628	7.586	7.165	7.828	8.319
CALR	13.6	15.64	15.55	14.49	14.76	14.22	14.55	13.75	13.51	13.68	13.72	17.49	13.8	12.67	13.35	13.87	15.91	14.06
CANX	12.92	13.8	13.32	12.84	12.82	13.31	13.37	12.95	13.4	12.58	12.62	13.44	13.2	13.44	12.2	12.81	11.09	12.91
CARD11	5.346	7.273	8.412	7.091	6.442	4.738	0.3113	9.112	6.818	6.344	4.737	12.54	7.206	3.247	5.969	7.534	12.09	6.638
CASP1	10.33	8.966	10.87	9.504	9.218	10.83	11.19	11.11	10.08	10.5	11.15	11.15	10.88	8.207	8.998	11.35	9.63	10.02
CASP3	10.22	9.148	10.78	10.2	9.956	9.91	10.11	10.73	10.27	10.26	10.16	9.655	10.23	10.01	10.24	10.31	11.22	10.53
CASP4	9.447	8.966	10.69	9.892	10.15	10.08	10.01	10.57	9.685	9.755	8.779	11.03	10.12	9.501	9.018	9.493	10.86	9.353
CCBP2	5.346	3.432	3.327	6.269	4.35	5.885	0	7.091	5.521	5.489	3.872	0	2.893	1.684	3.06	6.256	6.488	4.99
CCL1	0	5.306	2.409	4.749	4.106	0.09366	0	3.937	2.308	0	0	2.94	0	0	3.27	0	3.741	0
CCL11	2.683	6.095	6.158	7.386	9.081	4.991	0	4.622	5.072	5.763	6.299	8.963	5.749	4.347	2.517	6.99	7.237	5.946
CCL13	7.534	6.284	9.296	8.938	7.673	9.421	5.886	10.21	8.508	9.126	6.06	9.416	5.389	5.771	5.998	6.39	7.922	7.761
CCL14	8.534	5.877	5.839	7.993	8.897	10.3	5.521	9.572	7.239	7.689	3.968	10.53	5.017	5.228	2.942	9.849	0	7.337
CCL15	6.209	9.992	7.289	7.704	8.138	7.997	4.876	7.261	7.103	7.077	6.779	14.01	6.628	6.623	6.901	7.308	11.24	7.296
CCL16	3.709	3.432	0	5.217	4.558	5.272	2.633	5.27	2.659	0	0	8.963	3.459	0	3.169	4.507	5.888	2.693
CCL17	4.557	10.42	7.053	5.946	3.218	2.63	4.399	7.439	5.478	6.774	6.626	10.12	6.521	3.158	4.736	4.507	7.237	6.384
CCL18	10.83	6.095	8.489	12.36	13.39	10.08	8.473	11.66	11.81	10.07	8.871	0	7.944	10.39	7.898	10.17	7.828	13.05
CCL19	7.753	7.969	8.899	8.184	7.507	8.57	0	10.3	6.612	9.553	2.212	11.3	10	5.04	6.917	8.306	11.57	8.911
CCL2	9.276	9.098	11.73	11.62	11.3	10.45	10.28	9.696	10.13	8.897	8.423	11.47	11.6	8.052	9.112	10.73	7.503	10.16
CCL20	6.263	6.452	11.1	5.166	6.518	4.911	4.281	6.697	5.863	4.777	9.683	7.584	6.363	3.814	5.336	7.855	7.62	5.681
CCL21	7.869	9.219	9.526	5.946	7.088	7.495	3.856	10.22	8.39	8.349	5.074	13.51	5.871	2.96	0.1948	6.56	9.931	3.31
CCL22	4.961	5.619	6.832	5.001	6.705	5.206	2.974	8.977	5.863	6.344	5.416	7.028	5.119	2.96	4.376	4.986	7.376	6.281
CCL23	1.387	4.349	3.883	4.051	4.458	4.181	0	3.61	0	0	0	6.11	0	0	2.342	1.747	0	2.693
CCL24	4.436	0	3.883	3.669	5.907	3.5	0	6.935	2.659	4.461	3.541	7.028	3.977	0.584	0	5.588	6.219	5.473
CCL25	1.387	0.2619	3.883	4.051	0	0	0	3.188	2.308	0	0	8.555	3.293	0	3.06	2.969	7.376	3.31
CCL26	2.683	0	6.158	4.603	2.187	2.164	0	4.32	4.744	3.936	3.411	9.13	0	2.85	3.169	4.507	7.083	6.719
CCL27	7.239	8.659	0	2.65	0	0	1.534	10.19	8.175	7.454	5.31	10.41	2.641	2.122	1.635	0	6.219	0
CCL28	8.534	9.74	7.566	7.553	7.348	8.497	9.147	8.132	8.691	8.574	8.843	8.963	9.462	9.726	10.7	8.953	7.237	8.375
CCL3	8.311	7.273	9.469	9.247	9.081	8.178	7.768	9.61	10.73	9.594	10.51	10.41	9.374	7.543	7.933	10.69	10.74	9.757
CCL4	7.145	7.793	10.62	8.612	7.185	6.993	5.572	10.81	10.71	8.384	7.936	11.3	9.157	5.451	7.829	10.72	10.93	9.203
CCL5	8.564	9.148	11.68	9.61	7.231	8.841	7.262	13.55	11.73	10.17	8.687	13.69	10.88	5.595	9.1	11.96	14.04	10.61
CCL7	4.436	5.877	6.832	6.244	6.831	6.283	7.114	5.582	4.816	5.304	5.346	7.584	5.506	4.672	6.267	5.345	6.219	6.281
CCL8	7.426	5.306	8.899	9.753	7.651	9.603	9.355	8.545	9.117	7.134	7.365	0	7.635	4.909	8.707	7.789	4.84	7.175
CCR1	8.306	6.284	9.488	9.684	9.965	8.955	8.264	9.112	9.457	7.726	7.774	9.859	8.435	6.02	7.653	8.859	8.093	9.074
CCR10	3.811	0	0	6.428	5.944	5.394	0	4.946	4.744	7.253	7.148	8.773	4.439	3.158	8.552	5.447	9.251	5.23
CCR2	7.044	5.619	8.899	7.756	7.201	6.252	3.481	8.876	8.039	6.664	5.116	0	8.115	4.463	6.845	7.545	10.62	8.205
CCR3	3.994	0.2619	3.327	5.608	6.304	4.311	0	5.798	4.744	3.311	4.142	9.54	4.516	2.85	4.626	3.22	8.093	4.824
CCR4	4.823	0	6.25	5.646	5.179	1.472	3.25	7.574	5.683	4.628	3.77	8.555	5.717	3.158	5.053	5.397	5.457	5.51
CCR5	6.991	4.906	9.307	7.79	7.39	6.283	6.242	10.47	9.362	7.631	6.262	6.11	8.508	4.386	6.098	8.717	11.13	8.1
CCR6	4.371	0	5.715	5.447	4.558	0	0	6.82	4.884	4.057	3.111	0	5.544	1.05	0	3.621	0	3.31
CCR7	4.078	0.2619	6.64	5.489	5.515	3.702	1.534	6.82	4.32	5.833	4.564	8.963	6.663	2.85	5.998	5.675	9.421	5.775
CCR8	2.176	0.2619	7.492	5.313	4.558	3.5	0	6.214	3.717	4.273	3.77	8.773	4.788	0	4.074	0	8.449	5.138
CCRL1	7.31	8.396	5.429	8.132	9.102	7.241	5.169	9.021	7.986	6.414	6.262	11.59	4.358	5.612	5.705	5.908	8.785	6.147
CD109	9.445	7.36	9.111	8.457	7.651	9.344	9.58	8.857	6.87	7.188	8.938	0	8.245	4.703	5.109	7.294	7.237	7.738
CD14	10.7	10.18	13.43	12.04	12.7	11.11	9.185	11.97	11.5	9.755	9.493	14.4	10.84	9.549	8.642	12.43	13.88	11.4
CD19	5.829	6.738	5.579	6.116	4.976	4.039	3.25	6.916	5.794	4.777	2.933	9.952	7.79	2.3	8.384	7.04	9.544	6.938
CD1A	4.871	4.906	0	4.354	2.949	1.472	0.3113	8.581	5.683	4.975	2.73	0	0.571	0	2.142	0	7.376	2.411
CD1B	1.835	0.2619	6.707	0.1722	1.57	3.702	0	7.464	4.816	5.963	0	6.11	2.641	0	0	0.8986	0	4.636
CD1C	3.483	6.738	7.332	4.749	4.823	3.702	2.974	8.615	5.644	5.531	0.7025	0	5.65	2.459	2.342	2.664	0	4.496
CD1D	4.615	6.095	7.767	5.217	6.871	4.181	3.25	5.582	5.433	4.547	1.86	8.298	6.696	4.128	4.805	7.4	7.828	6.587
CD1E	3.213	6.284	6.419	4.942	4.976	2.981	0	7.709	6.053	4.461	1.394	8.555	4.725	3.331	0	4.191	6.488	5.138
CD200	6.4	6.095	9.45	10.55	9.325	7.192	5.669	8.876	8.525	10.14	7.158	10.47	9.35	9.808	10.45	8.707	9.63	9.73
CD200R1	3.6	0	5.579	4.354	3.445	3.5	0	7.261	5.072	3.936	0	0	5.069	0	0	5.177	0	1.594
CD209	8.025	6.284	8.308	8.234	9.552	8.346	5.234	10.01	8.431	7.421	5.994	9.54	6.321	6.378	5.404	7.945	6.911	8.409
CD22	5.9	12.4	6.25	7.131	7.276	6.645	5.621	8.179	7.89	11.36	6.204	13.76	8.151	6.417	5.938	8.373	12.74	8.438
CD244	4.157	4.906	6.25	5.82	4.74	2.981	3.681	8.861	6.886	4.461	2.494	0	5.871	4.795	3.537	6.256	0	5.775
CD247	6.19	3.432	8.899	7.658	6.332	5.843	4.281	9.777	8.525	7.253	6.262	0	8.338	4.128	6.642	8.665	6.911	8.013
CD274	6.281	6.862	8.701	7.523	6.79	6.185	5.715	8.446	8.039	6.391	7.748	9.28	7.843	5.771	6.845	7.971	8.01	7.641
CD28	5.729	0	6.158	6.702	6.468	5.506	0.3113	8.067	5.829	5.994	3.411	0	7.007	3.926	5.382	7.12	5.457	6.442
CD34	9.445	8.076	6.89	9.226	10.11	10.27	7.214	9.644	9.124	8.569	7.621	9.416	7.021	7.447	6.535	9.151	7.237	7.799
CD3D	8.407	6.602	10.67	9.689	7.717	7.467	5.468	12.27	10.48	8.663	7.833	10.75	10.71	5.354	8.544	10.35	10.89	9.755
CD3E	7.301	5.619	9.855	8.65	6.769	6.717	4.508	11.19	9.581	7.954	6.711	10.7	9.207	4.175	7.566	9.93	12	8.712
CD3G	7.055	7.181	9.862	8.336	6.638	6.543	4.508	11.45	9.557	7.762	6.669	11.92	9.241	4.882	7.425	9.429	10.55	8.575
CD4	8.578	8.268	11.67	9.711	10.11	9.027	6.765	11.12	10.17	8.6	7.256	9.416	9.886	7.24	10.79	10.54	11.88	9.959
CD40	8.087	7.593	10.76	8.986	9.54	8.361	6.273	10.03	9.648	8.992	7.265	8.773	9.931	6.681	9.123	9.121	12.44	9.24
CD40LG	3.811	5.306	5.429	6.089	4.74	3.702	0	7.275	5.129	5.531	0	7.985	6.113	1.401	5.024	4.191	8.449	4.936
CD44	12.77	17.22	14.33	13	13.44	13.03	12.57	12.67	12.26	13.15	12.35	19.61	13.08	14.46	12.5	12.86	15.87	12.33
CD45R0	9.611	8.588	12.95	11.02	10.22	9.638	8.453	13.21	11.92	9.721	9.282	12.03	11.74	7.714	9.807	11.64	9.763	11.19
CD45RA	7.065	0	6.059	8.626	5.115	4.738	0	7.246	5.563	5.833	3.541	7.584	7.677	0	5.552	6.416	0	7.055
CD45RB	8.025	6.862	9.58	8.828	9.016	7.6	5.845	10.19	9.103	7.214	6.683	11.15	8.651	5.56	7.51	8.773	10.04	8.894
CD48	7.634	7.082	8.927	8.811	7.443	7.561	6.392	10.45	9.23	8.031	7.458	8.555	9.123	5.47	7.717	9.707	10.32	7.573
CD68	9.147	8.076	11.09	10.69	10.93	9.918	8.992	10.65	11.38	9.302	9.967	11.78	9.148	7.625	9.951	11.38	11.63	10.36
CD70	4.303	0	6.419	5.608	5.515	4.039	1.534	6.055	5.012	4.628	2.933	6.11	6.088	3.158	4.965	5.397	9.355	4.568
CD72	4.371	0	7.858	6.22	4.652	5.394	4.508	7.091	7.922	5.531	4.682	0	7.085	4.263	3.957	7.545	0	6.911
CD74	13	12.56	16.51	14.36	13.91	13.55	11.2	15.73	15.43	13.14	11.8	16.15	14.67	11.5	12.45	15.74	17.95	14.46
CD79A	10.77	6.862	9.022	7.721	5.515	4.642	3.856	8.563	8.912	7.291	4.502	10.9	9.827	3.926	8.521	9.825	7.237	9.498
CD79B	5.312	0	6.158	4.26	5.3	2.63	0.3113	6.244	4.816	4.169	0	0	5.956	0.584	3.27	4.986	7.62	5.546
CD80	5.166	6.738	8.05	7.352	6.591	6.595	5.669	7.832	7.813	6.054	5.346	9.416	6.646	0	6.418	7.425	8.246	7.175
CD81	13.05	11.69	13.65	13.13	13.66	13.63	13.4	13.68	13.47	13.35	14.26	10.65	13.7	12.65	12.8	13.63	8.01	13.33
CD86	6.783	0	9.42	7.949	7.901	7.225	6.144	9.144	9.022	6.702	5.948	0	7.916	5.678	6.472	9.281	4.84	8.177
CD8A	7.721	6.738	10.89	8.828	6.245	7.467	5.413	12.33	11.21	8.001	7.895	12.56	10.06	5.451	8.077	11.48	11.67	9.944
CD8B	5.444	6.862	8.451	7.064	5.357	5.8	3.856	10.34	8.853	5.613	5.825	11.07	8.096	4.937	6.303	9.267	9.931	7.378
CDH1	9.544	8.692	0	9.054	3.641	0.09366	0	12.05	8.987	8.864	12.01	10.75	12.15	10.56	5.214	5.757	0	10.96
CDH2	1.387	8.552	11.85	9.718	9.57	0	4.281	4.71	7.554	3.494	3.872	8.298	9.422	4.347	5.668	10.24	11.39	8.921
CDH3	9.381	11.62	5.429	7.64	0	9.68	10.4	9.633	7.434	8.307	10.18	11.15	9.848	7.385	9.8	5.291	8.246	6.364
CEACAM1	2.882	8.023	8.05	7.196	5.357	7.855	7.478	5.211	6.612	5.573	8.637	0	4.725	2.459	4.233	7.056	7.922	7.398
CEACAM16	0	6.284	0	2.919	4.558	2.164	0	2.587	4.218	1.676	1.86	9.28	3.107	1.05	3.27	3.934	7.083	2.93
CEACAM19	3.057	0	3.883	4.051	2.949	2.164	0	4.428	5.794	3.657	1.394	0	0.571	1.92	0.1948	5.588	0	4.257
CEACAM20	0	0.2619	0	1.888	2.949	0	0	1.54	5.072	0	0	0	1.419	0	0	0	5.888	0
CEACAM21	4.669	3.432	6.707	5.82	6.119	4.43	2.633	5.914	6.486	2.557	0.7025	8.555	7.371	3.331	5.239	5.632	6.715	5.315
CEACAM3	2.452	5.619	0	3.342	4.902	0.09366	1.534	1.54	0	3.494	0	8.963	0	0	1.635	0	7.083	2.93
CEACAM4	3.709	0	7.997	5.885	7.201	0.09366	0	4.71	2.308	2.183	0.7025	9.76	4.082	0	5.109	3.22	8.246	6.735
CEACAM5	5.346	0	0	3.146	4.74	2.981	3.25	6.33	2.659	0.8873	2.73	7.584	0	0	3.616	0	6.219	0.9021
CEACAM6	5.922	0.2619	3.327	4.881	5.241	3.264	0.3113	7.091	4.416	1.676	4.297	2.94	1.419	3.247	4.129	1.747	5.888	0
CEACAM7	3.6	0	2.409	2.65	4.558	0.09366	0	4.946	0	2.183	2.494	8.773	0	1.92	1.911	0	7.828	1.594
CEACAM8	0	6.095	0	5.113	3.813	0	0	0	0	2.183	0	9.28	4.589	3.158	3.537	0	7.922	3.611
CELA1	1.387	0.2619	0	4.881	5.702	0	0	4.32	4.669	2.183	5.236	8.298	3.459	1.401	3.537	4.916	7.083	5.138
CERCAM	9.644	13.54	11.04	11.49	12.25	10.69	9.487	9.475	10.19	10.16	10.32	16.3	8.651	8.78	9.923	9.299	14.63	11.18
CERK	9.891	9.908	9.65	9.35	9.68	9.234	8.992	9.897	9.145	9.033	9.453	10.27	8.77	8.017	8.738	11.15	8.682	10.44
CHIT1	6.666	7.519	3.327	6.666	7.781	5.708	3.481	12.16	10.71	8.441	4.682	7.985	3.864	4.347	7.015	9.532	8.449	9.288
CHL1	6.152	0	7.67	9.742	4.233	6.116	7.165	7.107	5.129	8.523	9.503	0	3.107	8.154	2.142	6.939	0	9.312
CHUK	9.593	11.25	10.21	10.08	9.914	9.807	9.558	10.36	9.682	9.471	10.05	13.86	9.5	8.948	9.694	10.05	12.17	10.06
CIITA	7.369	10.3	11.04	9.037	8.263	7.561	5.234	10.69	9.704	7.832	6.335	14.19	9.172	6.106	7.18	9.939	11.9	8.664
CKLF	6.494	10.79	8.451	8.986	8.64	6.717	5.669	8.29	7.088	7.386	8.088	11.78	7.652	6.51	7.269	7.688	10.6	7.427
CLEC4E	6.706	6.602	9.779	7.221	7.376	6.005	4.508	8.709	9.359	6.809	7.707	10.85	5.468	4.08	7.968	9.779	12.19	8.965
CLEC4M	1.387	0	0	4.159	3.813	1.472	0	0	3.38	1.676	0	7.584	3.107	0	1.635	3.934	3.741	2.06
CLEC6A	0	0	0	3.515	1.57	0	0	1.54	0	0	0	0	0.571	0	0	0	0	2.06
CLEC7A	8.936	9.936	11.76	10.11	10.49	8.792	7.822	10.97	10.95	8.402	8.52	12.95	9.166	7.319	8.608	10.59	11.31	10.12
CLTC	11.73	11.68	11.96	11.85	12.08	11.73	11.74	12.16	11.78	11.62	12.13	10.27	11.92	11.71	11.71	12.29	12.1	12.49
CMA1	5.78	4.349	4.284	2.919	4.976	5.451	0	7.927	6.747	6.27	2.73	8.555	2.641	3.411	0	0	0	4.701
COX5A	11.94	12.95	11.28	10.98	10.76	12.02	12.25	11.47	10.99	11.4	12.2	11.92	11.1	11.56	11.03	11.4	9.931	11.59
CR1	6.494	5.877	9.589	9.787	10.75	7.366	4.012	7.574	8.134	7.278	6.551	9.859	8.045	7.272	6.126	8.201	8.682	9.502
CR2	4.722	3.432	3.883	4.678	4.106	0	0	5.017	2.659	0	3.411	6.11	6.593	0	0	2.969	0	2.93
CRADD	8.56	7.969	8.599	8.713	9.928	7.467	6.304	7.761	7.822	8.192	7.592	10.75	6.729	7.552	7.072	8.555	10.66	7.674
CRP	1.387	6.095	0	5.569	5.3	4.311	0.3113	4.528	3.989	4.273	3.66	9.859	3.607	3.926	4.464	4.068	8.01	4.636
CSF1R	9.387	8.076	12.2	10.3	10.93	9.821	7.943	11.04	10.28	8.965	7.971	11.53	10.17	8.531	7.739	11.5	11.01	10.18
CSRP1	10.36	13.8	11.78	12.35	10.8	12.02	9.426	10.37	10.46	12.09	11.14	14.74	10.3	10.31	9.079	10.9	12.1	11.54
CTLA4	6.891	6.452	10.55	8.436	6.442	6.219	5.296	9.672	9.07	8.463	6.916	10.27	8.638	4.347	7.753	9.532	11.04	9.161
CTNNB1	12.27	15.28	13.54	13.81	12.89	12.74	12.62	12.79	12.77	13.52	12.98	15.87	14.11	14.01	12.76	14.24	14.02	13.55
CTSB	14.42	14.18	15.8	15.82	15.23	15.24	15.74	14.42	14.79	14.03	14.03	16.51	13.59	12.31	12.65	14.6	18.46	14.9
CTSE	3.213	5.306	5.715	4.816	6.086	4.311	4.792	4.203	3.38	3.657	3.111	7.584	2.337	2.122	3.365	1.747	3.741	3.468
CTSG	6.666	7.793	7.529	5.646	6.983	7.031	4.399	8.842	6.464	6.193	4.368	11.4	2.641	3.98	4.074	1.747	10.08	5.999
CTSL1	9.833	12.08	11.49	12.29	12.61	10.67	10.8	10.47	10.74	10.29	11.44	9.76	9.993	9.459	10.18	10.47	10.55	11.72
CTSS	12.21	11.43	14.53	13.24	13.08	11.87	10.99	14.54	14.56	11.33	11.32	12.42	13.1	10.28	11.68	13.64	12.24	13.4
CTSV	4.436	4.906	3.327	2.919	4.35	0	0	7.782	2.942	6.565	3.269	7.584	1.949	0	4.129	0	6.488	2.693
CX3CL1	6.879	10.33	8.264	6.648	5.047	8.583	5.101	8.972	7.565	7.612	8.219	10.34	5.615	5.678	6.514	6.885	0	8.651
CX3CR1	6.19	7.36	8.616	7.668	7.306	7.274	4.281	8.777	6.195	5.994	5.346	11.53	7.873	7.932	5.312	7.749	9.016	8.142
CXCL1	8.592	0	7.289	10.29	11.21	6.489	6.553	6.78	6.783	8.244	11.68	8.773	10.26	5.725	7.219	9.475	10.63	10.53
CXCL10	9.737	5.877	13.62	10.17	6.89	10.46	9.555	11.36	12.24	10.59	10.82	10.27	12.1	8.969	11.85	11.21	11.9	10.7
CXCL11	7.977	6.452	11.5	7.183	5.788	8.135	7.556	9.575	10.31	8.615	8.077	10.04	10.45	7.108	10.05	9.326	10.49	8.759
CXCL12	12.14	12.79	12.65	12.31	13.53	11.79	8.361	13.68	11.62	10.31	9.895	14.87	10.93	9.16	7.141	12.24	11.03	10.81
CXCL13	5.475	0	8.599	5.359	6.151	2.981	3.481	8.347	8.696	5.353	6.52	8.298	7.06	0	5.687	5.834	9.138	7.806
CXCL14	13.31	10.44	8.616	12.31	9.499	12.9	8.108	15.42	12.73	12.71	9.314	11.12	10.1	10.77	5.188	4.843	14.33	10.78
CXCL16	8.349	8.126	10.08	10.12	9.798	7.698	6.787	9.918	9.846	8.673	8.313	12.13	8.479	6.84	8.03	10.23	11.96	9.866
CXCL17	2.452	0	3.327	3.342	3.218	1.472	0.3113	4.71	3.558	0	2.933	7.985	1.949	1.05	1.911	0	0	0
CXCL2	7.584	4.906	7.887	8.668	9.527	5.451	3.856	7.981	9.085	8.212	9.804	8.773	6.342	7.827	4.7	9.619	7.376	8.704
CXCL3	6.479	5.619	7.152	8.588	9.454	5.394	4.012	6.718	6.486	5.573	10.18	8.298	5.749	5.56	5.053	6.99	8.682	7.337
CXCL5	4.436	0	5.579	6.992	10.25	1.472	0	1.54	3.558	2.854	10.6	2.94	3.107	4.128	5.532	0	0	4.764
CXCL6	4.078	0.2619	5.579	6.61	9.441	4.911	3.481	4.528	5.072	4.777	8.548	6.11	6.745	3.158	4.805	4.191	8.834	6.147
CXCL9	8.983	8.82	14.06	10.07	5.357	7.548	5.621	12.22	12.81	11.9	10.28	11.5	12.15	9.223	11.52	11.8	12.16	11.61
CXCR4	9.973	8.268	11.85	10.61	11.2	8.456	8.432	11.31	12.12	9.904	9.826	10.7	10.37	9.578	10.04	13.17	9.453	11.84
CXCR6	5.967	0	9.469	8.112	4.558	5.206	4.281	10.24	9.173	6.757	5.236	2.94	7.318	2.96	5.953	8.84	10.85	7.934
CYBA	9.86	10.5	11.07	10.5	10.61	10.08	9.1	10.54	11.07	9.96	9.931	13.96	9.733	8.555	9.661	11.33	13.2	10.55
CYBB	9.738	7.36	13.53	11.4	11.3	9.725	7.874	11.94	12.17	10.11	8.722	10.7	11.44	8.956	9.045	11.97	13.66	11.39
CYCS	7.164	9.864	7.245	7.306	7.153	7.381	7.779	8.024	7.75	8.554	9.037	9.76	6.463	8.717	6.291	9.349	7.922	7.417
CYLD	9.657	11.08	11.2	10.41	9.967	9.665	8.818	11.46	10.52	9.679	9.28	13.81	10.26	9.062	9.407	10.69	11.8	10.42
CYR61	10.9	10.72	12.32	13.79	14	11.48	9.677	8.427	13.19	12.62	11.5	15.82	9.605	11.66	10.13	15.24	14.39	12.84
DAXX	9.818	11.08	9.81	9.985	10.1	10.23	10.37	10.2	9.3	9.174	9.693	12.17	9.648	9.008	9.864	9.839	11.78	9.744
DDR1	8.665	10.22	10.64	8.791	7.739	8.228	7.894	10.36	9.322	9.462	9.385	10.99	9.747	7.939	9.268	9.232	10.71	10.43
DDR2	9.274	13.07	11.14	10.21	11.09	10.51	9.47	9.596	10.37	10.8	8.881	13.54	9.857	10.65	9.527	10.75	11.2	9.693
DDX17	11.68	16.15	12.74	12.52	12.14	12.13	12.09	13.05	12.05	12.17	12.14	16.19	12.27	12.01	12.34	12.82	11.86	12.09
DDX58	9.305	10.25	9.825	8.695	8.734	10.57	10.47	10.55	9.457	8.152	8.769	10.75	8.714	7.385	9.27	9.155	8.385	8.522
DDX60	8.936	10.66	10.59	9.033	8.92	9.941	9.677	11.54	10.5	9.672	9.649	11.72	10.38	8.605	11.4	10.13	12.58	9.595
DES	6.281	9.908	4.597	6.089	5.3	12.61	3.681	10.48	7.103	6.459	5.236	0	3.741	11.68	3.762	7.91	8.511	8.329
DHX58	8.151	10.06	9.691	8.795	8.248	9.432	9.295	9.672	9.063	8.225	8.464	12.07	8.489	6.743	10.3	9.061	12.72	8.584
DKK2	5.475	7.273	5.715	4.354	5.612	1.472	1.534	8.374	6.298	5.799	3.872	9.655	3.741	3.558	2.814	3.934	5.888	4.881
DLL4	6.093	7.36	6.25	7.848	8.397	7.71	5.572	6.184	6.728	6.844	6.317	10.53	5.119	6.07	5.162	7.522	8.734	6.48
DSCAM	2.452	0.2619	3.327	2.919	3.445	0.09366	1.534	2.587	1.842	3.1	2.933	2.94	0	2.459	0	0	0	5.51
DSTYK	9.194	11.15	8.173	8.856	6.947	9.552	9.957	8.187	9.011	9.102	8.932	8.298	8.364	8.278	5.969	8.461	10.65	8.032
Dusp5	8.813	9.864	10.82	9.235	9.303	8.47	7.556	10.09	9.588	9.735	11.14	12.11	10.13	7.334	8.332	11.83	14.11	10.76
Dusp6	10.27	12.17	13.5	11.32	11.1	10.48	9.792	10.29	9.518	12.04	12.1	11.99	11.24	12.3	8.474	11.1	9.098	12.32
ECD	6.795	8.355	7.001	7.352	6.965	6.808	5.965	8.575	7.173	7.063	6.224	10.34	6.444	5.771	5.923	7.729	9.574	6.75
ECM1	10.6	10.91	10.84	10.11	9.958	10.46	10.63	9.277	7.978	9.24	9.622	13.49	8.638	7.138	10.01	7.18	9.931	8.349
ECM2	8.066	8.126	6.64	8.603	8.93	9.171	5.572	9.273	8.696	7.54	6.566	11.27	5.544	6.07	5.491	7.759	12.33	7.573
EDN1	6.991	8.268	6.89	5.682	6.811	6.434	4.609	7.139	7.014	6.054	6.711	10.95	5.119	4.08	5.426	6.365	3.741	6.622
EDN2	0.7354	0	0	1.272	2.618	0	0	0.4405	3.178	2.854	0	0	0	0	0	0	0	0
EDN3	4.498	3.432	0	5.166	5.115	3.264	0	6.801	3.717	4.547	2.933	7.584	4.18	3.062	4.626	0	14.28	6.281
EED	7.721	8.312	8.196	6.963	8.502	7.574	7.437	8.533	7.131	8.384	7.138	10.2	8.019	7.06	8.016	7.874	7.922	7.608
EFEMP1	8.624	8.268	9.296	10.14	10.13	10.13	5.803	9.469	9.356	8.615	7.643	10.04	7.686	7.998	5.891	10.34	10.2	10.61
EFEMP2	9.127	8.993	9.7	10.33	11.25	9.552	8.117	9.638	9.385	9.95	8.248	10.27	9.286	9.573	10.45	9.14	10.04	9.355
EFNA1	7.921	10.27	9.206	7.612	8.277	7.823	5.468	9.503	7.722	7.161	8.435	11.5	7.873	7.345	7.842	8.561	6.715	7.941
EFNA2	1.387	0	0	3.935	2.187	0	0	0	3.558	4.704	0	0	0	3.411	6.786	0.8986	0	3.31
EFNA3	6.597	7.519	5.261	5.787	6.214	5.334	4.399	9.518	7.523	6.27	7.064	9.28	5.544	5.612	5.969	7.348	7.237	6.193
EFNA4	6.625	9.95	6.946	7.658	6.661	6.83	6.178	8.164	7.278	6.877	6.164	10.47	6.383	6.358	7.458	7.645	7.728	5.649
EFNA5	6.383	5.877	0	6.062	6.705	5.334	5.296	7.29	5.993	8.343	6.224	7.028	3.741	7.212	3.616	0	8.627	6.075
EFNB1	7.23	9.639	6.707	7.612	9.303	8.354	2.633	8.913	7.434	7.363	8.017	11.59	6.68	7.022	6.955	7.892	9.138	7.08
EFNB2	7.385	9.493	6.771	7.782	8.342	8.427	5.356	9.895	7.252	8.016	8.998	10.99	5.871	6.977	5.162	8.208	9.098	7.65
EFNB3	4.498	6.452	5.261	4.678	5.981	4.43	2.186	7.216	7.088	7.033	5.157	2.94	6.424	5.678	9.005	6.69	8.317	8.088
EGR1	9.835	12.23	10.74	10.08	10.33	10.02	7.08	9.739	11.17	11.71	10.2	15.61	9.076	10.86	8.724	13.25	12.94	11.23
EMR1	2.882	0	5.429	6.948	6.638	0.09366	0	3.61	4.32	2.183	2.933	7.028	4.082	0	2.517	3.22	9.953	4.636
EPHA1	5.945	4.349	2.409	3.669	2.618	0.09366	2.974	8.638	5.184	4.975	2.933	9.952	4.849	0	2.342	4.068	0	3.132
EPHA10	0	0	0	3.669	2.187	0.09366	0	0.4405	0	0	1.394	0	1.949	0	0.8469	3.22	0	3.132
EPHA2	9.35	10.77	9.135	9.116	9.198	8.92	7.23	9.89	7.839	8.585	8.443	13.61	8.465	8.273	8.326	9.057	8.928	7.674
EPHA3	4.823	5.306	7.001	6.492	5.515	6.043	0	5.27	6.221	3.657	5.825	2.94	3.107	3.411	1.911	4.305	0	7.927
EPHA4	6.914	4.349	5.261	7.05	6.871	7.087	6.144	8.981	5.897	6.757	4.79	8.298	4.439	4.5	8.625	7.474	7.728	8.639
EPHA5	6.19	0.2619	5.072	6.552	0	6.717	7.367	1.54	0	0	0	2.94	0.571	5.292	0	8.094	4.84	7.163
EPHA6	0	0.2619	3.327	2.919	3.218	0	0	0.4405	0	0	3.411	0	2.337	0.584	2.342	2.277	3.741	4.99
EPHA7	3.994	0	0	6.552	3.813	4.039	0	5.381	0	0.8873	0	7.028	2.337	0	0	0	6.715	6.84
EPHB1	2.452	6.738	3.327	3.935	4.976	3.264	0	5.986	2.308	2.854	0.7025	8.963	0.571	7.022	1.294	0	7.083	4.824
EPHB2	3.057	0	7.053	5.113	5.944	5.451	2.974	5.672	5.386	3.494	2.212	8.298	3.107	1.684	5.826	5.397	9.389	5.09
EPHB3	6.448	7.913	8.841	8.105	7.291	5.8	0	8.124	4.884	7.874	6.725	6.11	4.788	8.64	7.681	0	12.45	6.323
EPHB4	8.004	10.06	8.899	7.721	9.425	8.596	3.681	8.981	8.691	9.271	9.31	11.4	7.49	8.151	7.838	10.05	9.975	8.124
EPHB6	7.627	8.789	5.953	4.816	5.788	4.911	0	9.733	7.131	6.605	4.737	10.47	5.069	1.05	3.06	5.052	8.57	7.493
ERAP1	9.779	9.414	10.36	9.379	9.579	9.804	9.295	11.08	9.463	9.087	8.14	10.65	11.02	8.289	9.27	10.42	7.922	9.589
ERAP2	9.213	9.287	8.431	9.768	10.15	9.158	8.279	11.09	11.22	9.742	8.946	12.45	10.93	10.21	10.81	8.07	11.9	10.76
ESAM	8.131	9.123	7.915	9.019	10.29	10.06	7.097	8.14	8.396	7.97	7.584	9.655	6.882	7.223	6.993	8.891	8.093	8.409
Etv1	10.28	11.61	10.44	9.808	9.252	9.768	10.39	9.354	8.032	10.02	10.31	11.44	9.054	11.06	4.736	9.385	9.016	8.531
Etv4	7.681	9.219	8.955	8.564	4.35	8.277	8.39	5.434	2.942	8.972	9.029	7.584	7.702	7.982	0.8469	7.413	10.44	9.58
Etv5	10.33	11.97	10.39	10.34	8.489	10.68	11.03	7.654	8.408	11.25	9.836	12.07	10.21	10.5	5.611	10.09	7.62	10.54
F11R	9.447	8.938	8.47	9.119	9.139	9.242	8.65	11.11	9.432	8.367	10.44	9.859	9.247	8.196	8.251	9.681	9.931	9.773
F2R	7.833	11.79	8.856	8.722	9.914	8.331	7.556	8.936	8.161	9.23	7.87	11.62	10.37	8.628	5.998	8.405	11.64	7.358
F2RL1	6.152	5.877	5.953	4.749	5.788	4.827	0	8.319	5.758	5.489	5.416	9.28	4.358	4.305	1.294	4.766	7.728	5.138
FADD	6.745	9.673	7.67	6.591	7.306	6.974	6.447	6.718	7.34	7.641	6.472	11.23	6.277	6.338	6.828	7.708	7.828	6.364
FAM19A1	0	0	0	0	0	0	0	0	0	0	0	0	1.419	0	0	0	0	5.835
FAM19A2	3.354	0	0	5.113	4.902	2.63	0	5.381	4.505	3.494	3.111	9.54	2.337	2.731	3.169	4.068	6.911	7.092
FAM19A3	4.871	0.2619	7.997	5.313	4.35	4.642	3.25	2.919	0	5.727	4.368	8.773	4.788	4.795	3.169	4.41	8.093	6.442
FAM19A4	1.835	5.306	4.284	4.159	4.558	4.911	3.681	5.084	3.38	3.311	4.502	0	3.864	0	1.635	7.024	7.083	5.473
FAM69B	5.622	10.31	0	5.885	6.468	7.467	6.675	4.528	6.221	8.384	9.007	9.655	6.186	6.89	8.458	7.195	8.57	8.508
FAP	10.74	9.047	9.954	10.06	11.83	9.234	9.45	9.754	9.753	8.337	8.028	9.655	9.139	8.21	5.705	7.579	11.19	9.35
FAS	5.9	6.095	5.715	6.492	7.832	5.138	3.856	7.231	6.612	5.254	5.635	7.985	5.168	7.39	4.33	6.56	8.317	5.649
FASLG	5.412	0	7.245	5.946	3.967	4.738	0	9.12	7.265	5.304	4.79	8.773	6.807	1.684	4.771	6.39	6.488	6.147
FCER1G	9.296	10.07	12.09	11.48	11.29	10.28	8.577	11.14	11.92	9.76	13.6	14.87	9.864	8.328	9.582	11.94	12.51	11.22
FCGR2B	10.07	10.76	12.11	10.67	10.17	8.712	7.543	11.53	10.33	8.933	11.67	13.98	8.827	8.136	9.199	11.09	10.89	9.511
FCGR3A	10.04	7.519	13.36	11.98	12.08	10.43	9.333	11.19	12.77	10.05	10.18	11.15	11.77	9.419	9.927	12.79	11.65	11.88
FCGRT	10.68	8.126	11.64	11.11	12.09	11.49	10.54	11.9	11.49	10.63	9.048	10.59	10.82	11.1	10.99	12.09	10.89	11.18
FCN2	0	0	0	0	0	0.09366	0	2.919	0	0	0	0	0	0	0.8469	8.436	6.715	0
FGF10	2.882	5.619	4.597	5.359	5.412	6.151	3.856	4.622	4.218	4.547	3.66	10.53	3.293	3.692	4.464	2.969	9.138	4.341
FGF2	6.073	7.181	8.826	7.44	7.482	8.186	3.856	7.332	6.221	6.344	6.299	8.555	6.444	4.5	4.664	6.626	10.75	8.287
FGFR1	7.966	6.284	6.64	7.712	8.944	8.346	7.409	7.812	7.881	7.641	8.464	7.584	6.232	5.206	7.206	7.238	8.172	7.658
FGFR2	3.709	0	0	2.919	4.233	0	1.534	6.584	2.659	2.557	0	0	0	0	0	4.068	0	6.323
FGFR3	8.735	6.095	4.284	2.65	4.558	4.311	1.534	10.14	7.694	7.339	6.805	8.963	3.864	2.3	5.723	4.305	6.219	8.045
FGFR4	3.811	8.692	2.409	4.26	3.967	0.09366	0.3113	4.528	6.112	2.854	3.269	9.655	3.293	3.871	4.506	7.51	7.828	6.442
FGFRL1	5.204	11.51	10.57	7.73	7.939	7.625	2.974	7.654	8.209	8.419	6.422	12.11	6.321	6.02	6.179	9.429	10.62	8.504
FLT1	6.808	8.175	7.053	8.105	8.431	8.178	6.651	8.433	7.088	7.386	7.434	8.298	6.162	6.751	7.015	8.118	8.172	7.608
FLT3	5.379	7.36	6.25	4.159	5.357	3.88	0	7.761	5.238	3.311	3.111	10.27	5.119	0	3.762	4.507	9.214	6.05
FLT4	4.774	7.73	0	5.718	6.468	6.62	0	5.485	6.418	5.69	2.212	10.04	3.864	3.411	3.454	7.18	10.14	4.421
FOXp3	4.961	6.452	8.508	5.916	4.74	4.642	0.3113	7.426	5.184	5.613	5.692	9.859	5.984	3.558	5.214	5.235	8.785	5.973
FREM1	5.535	6.738	8.149	5.359	5.658	6.517	0	8.033	5.072	8.424	1.394	2.94	4.907	4.347	0	6.256	10.5	5.273
FREM2	3.057	5.877	10.5	7.171	5.464	4.642	0	4.793	5.386	3.657	0	0	4.439	4.5	8.526	3.934	0	5.435
FURIN	8.899	8.476	9.708	8.504	9.237	8.894	7.843	9.488	7.906	8.965	9.081	0	8.127	7.569	8.642	9.616	10.62	8.716
Fosl1	9.478	4.906	7.858	6.034	7.185	9.549	9.731	5.485	6.323	5.093	7.741	0	6.209	5.292	5.053	8.697	0	9.186
FoxO1	8.648	10.19	9.764	8.919	8.934	8.676	7.594	9.82	8.719	9.164	7.977	11.27	8.957	8.522	7.008	9.448	7.237	9.189
FoxO3	9.173	10.22	10.17	9.129	9.339	8.914	8.073	10.3	9.34	9.719	9.45	11.47	9.198	8.014	9.702	10.33	11.82	9.966
G6PD	9.661	11.65	11.13	10.06	9.992	10.19	10.05	10.66	9.479	9.842	10.29	13.9	9.073	8.594	9.159	10.28	12.76	10.22
GAPDH	13.83	13.66	13.27	13.69	13.27	14.11	13.97	12.71	12.61	14.38	14.68	14.01	12.17	13.54	12.55	12.54	13.28	14.14
GDF15.N	5.047	11.06	9.469	10.87	7.581	6.595	6.809	7.023	7.606	11.8	12.51	16.3	8.199	11.61	5.809	8.379	12.4	6.854
GDF15.C	4.303	9.196	9.975	11.61	7.984	5.334	5.845	5.434	7.352	12.78	14.17	11.56	9.092	12.65	5.592	9.101	12.38	7.104
GFI1	5.945	4.349	8.651	7.462	5.357	5.206	3.25	8.945	8.255	7.993	5.606	9.416	7.767	3.871	6.217	7.971	8.734	8.013
GNLY	5.412	7.593	6.771	6.244	5.907	5.451	3.481	5.838	6.612	7.033	4.737	10.47	5.215	3.926	5.264	4.766	7.503	7.264
GPC1	7.821	7.593	10.78	9.226	8.696	8.427	6.42	10.26	8.779	8.507	9.477	7.584	8.789	8.259	6.853	9.316	9.515	9.33
GRAP2	6.299	7.73	8.149	7.64	6.245	6.462	4.153	9.878	7.291	6.645	7.246	10.53	7.751	3.558	6.315	7.007	10.5	6.796
GRN	12.61	14.79	13.88	13.7	13.34	12.79	12.15	13.86	13.82	12.17	12.18	17.03	12.49	11.57	12.81	14.01	15.51	13.3
GXP1	11.23	9.512	12.37	11.3	11.6	11.62	10.75	11.42	12.32	11.37	11.11	11.34	11.29	10.76	9.376	12.79	14.26	11.94
GZMA	8.695	7.36	10.96	10.3	7.334	8.253	6.97	12.85	10.91	9.357	8.205	11.7	10.12	5.595	8.012	10.95	14.32	10.38
GZMB	6.416	4.349	8.47	8.265	6.983	6.694	3.481	9.993	8.779	7.063	7.425	7.584	7.072	4.386	7.212	6.791	7.083	8.684
GZMK	8.298	7.442	9.954	8.997	6.79	7.305	5.296	11.26	8.442	7.923	6.204	11.59	9.96	5.09	7.225	11.04	12.4	9.6
HAVCR2	7.791	5.877	10.28	8.636	9.263	8.269	7.352	10.42	9.982	7.519	7.434	8.555	9.321	6.903	7.386	10.05	9.837	9.726
HCK	7.434	8.126	10.61	10.07	10.07	7.887	6.21	9.825	9.466	8.001	7.408	11.47	8.256	5.845	7.495	9.549	11.56	9.043
HEPACAM	2.683	0	6.337	3.935	5.564	6.62	0.3113	2.919	4.218	2.854	3.541	0	3.459	0	4.421	0	0	10.23
HGF	7.681	7.082	9.869	8.381	9.716	7.855	5.845	9.05	8.091	6.344	6.952	10.47	7.992	6.781	6.139	9.696	8.385	9.283
HLA-A	14.34	15.05	16.99	15.36	14.46	15.05	14.97	16.14	16.33	15.13	14.86	19.45	16.22	13.73	14.14	16.57	17.32	15.69
HLA-B	13.19	12.67	14.9	14.03	13.31	14.14	13.26	14.68	14.99	13.8	12.55	16.71	14.5	11.43	12.51	14.86	16.28	13.93
HLA-C	12.27	13.3	14.83	13.19	11.99	12.88	12.04	13.95	14.26	13.33	11.63	17.81	13.7	10.3	12.24	13.84	15.66	13.52
HLA.DMA	9.932	11.59	13.05	11.31	11.08	10.23	7.822	12.21	12.21	9.842	8.309	15.53	11.42	8.575	9.972	12.1	14.66	11.14
HLA.DMB	9.484	8.222	11.46	10.29	10.07	9.154	6.651	11.57	11.62	9.044	7.658	10.47	10.92	7.801	8.651	11.32	10.79	10.51
HLA.DOA	6.732	6.976	10.56	8.247	7.019	6.405	2.974	9.953	10.39	6.523	4.939	9.13	9.881	6.427	5.775	9.755	7.083	8.959
HLA.DOB	8.489	7.36	9.022	7.27	8.138	6.219	4.955	9.398	9.262	6.738	5.664	10.53	8.995	4.605	6.853	9.274	7.922	7.14
HLA.DPA1	11.75	9.622	15.21	13.06	12.47	11.91	9.674	14.88	14.86	12.19	10.81	12.42	14.44	11.3	11.53	14.85	11.8	13.56
HLA.DPB1	2.176	10.04	15.21	13.22	12.28	2.63	0	15.23	14.69	11.89	10.44	13.01	14.09	10.91	10.52	14.59	15.01	13.56
HLA.DQA1	11.82	0	15.21	13.08	0.4709	11.61	9.65	14.63	14.73	12.89	10.22	0	14.43	0	10.91	0.8986	5.457	3.611
HLA.DQA2	3.057	3.432	2.409	3.808	4.233	1.472	2.633	4.946	3.178	0	1.394	7.584	3.459	2.3	2.942	0	0	3.611
HLA.DQB1	10.54	9.072	12.8	10.57	10.94	10.17	8.632	12.88	13.67	8.008	9.256	11.67	8.205	9.705	8.991	14.2	10.95	12.9
HLA.DRA	13.48	13.26	16.8	14.6	14.1	13.29	11.22	16.62	16.11	13.51	12.22	15.38	15.3	12.01	12.57	15.9	14.85	15.02
HLA.DRB1	12.03	11.07	15.73	14.15	10.92	12.54	10.24	15.08	14.43	12.96	11.25	15.07	15.09	7.779	11.65	14.73	13.17	14.47
HLA-E	12.12	12.21	14.03	12.09	12.08	12.73	11.94	14.06	13.4	11.96	11.83	13.53	13.68	10.75	12.3	13.64	14.54	12.58
HLA-F	5.128	4.906	5.953	5.266	5.515	6.185	6.475	6.584	6.395	4.057	3.872	10.27	6.424	1.684	5.336	6.169	7.237	5.273
HLA-G	8.873	9.908	10.88	9.423	8.438	9.46	9.336	10.57	11.51	8.349	9.034	12.3	10.52	7.438	8.35	10.61	11.18	9.571
HLA.H	4.157	0	5.261	1.272	3.641	2.981	0	5.534	3.859	0	2.933	6.11	4.082	1.684	4.506	3.621	9.016	2.693
HPRT1	8.864	8.552	9.589	8.603	9.047	8.67	8.607	8.885	9.103	9.418	10.81	0	8.926	8.829	8.628	8.628	0	9.383
HSP90AA1	13.23	14.4	13.45	14.18	13.32	13.71	13.8	13.43	13.66	14.75	15.24	13.33	13.84	13.42	13.43	14.69	13.24	14.35
HSPA1A	7.695	9.02	8.899	10.59	9.932	10.31	9.065	8.563	9.37	11.1	10.05	13.56	7.858	8.876	10.38	10.99	15.96	9.922
ICAM1	10.11	9.656	12.03	10.57	10.15	10.58	10.68	9.893	9.793	10.76	10.97	10.12	10.53	10.2	9.46	11.08	13.73	10.5
ICAM2	7.426	7.593	7.943	7.686	8.623	8.236	5.715	8.058	7.732	7.077	6.124	9.28	7.318	5.114	8.544	8.503	8.172	7.674
ICAM3	9.307	9.908	9.877	9.476	8.652	8.544	8.2	10.53	9.593	8.458	8.295	11.37	9.34	8.238	8.883	9.624	8.682	9.152
ICAM4	4.371	0.2619	7.332	6.22	5.828	5.066	5.234	5.327	5.605	5.353	5.8	8.555	5.544	4.703	5.162	5.052	7.828	5.805
ICAM5	0	7.969	0	0	2.187	0.09366	0	0	1.15	0	0	0	0	0	2.517	0	3.741	5.185
ICOS	5.005	0	9.035	6.269	5.702	6.252	6.273	9.067	7.89	6.544	5.576	0	7.735	0	5.969	7.874	7.828	6.703
ICOSLG	6.795	5.306	8.765	6.839	7.975	6.786	4.609	8.909	7.768	6.702	6.103	8.773	7.546	4.639	6.192	8.509	9.251	8.271
IDH1	10.7	11.95	10.99	11.17	10.59	11.35	11.27	11.23	10.93	10.19	10.82	12.94	10.09	9.575	11.72	12.19	9.885	11.29
IDH3A	10.37	8.993	9.38	9.542	9.398	10.17	10.23	9.847	9.949	9.532	10.88	8.773	9.469	9.731	9.767	10.95	7.503	9.915
IDO1	6.01	6.284	11.33	7.503	5.047	7.79	5.234	9.525	11.11	8.988	8.805	11.03	7.895	6.826	8.697	8.644	10.94	8.462
IFI30	10.25	10.21	13.11	12.26	12.45	11.08	10.71	11.92	12.84	10.84	10.05	12.09	11.11	8.679	10.69	12.43	14.14	12.11
IFIH1	8.816	7.663	9.022	7.544	7.201	10.3	10.4	9.214	8.492	7.351	8.354	10.12	8.746	5.968	8.983	8.062	10.36	7.658
IFIT1	9.149	10.18	7.453	7.246	7.153	11.46	11.63	9.199	8.924	6.91	8.899	8.773	8.012	6.51	10.47	9.926	8.01	7.941
IFIT1L	0	0	2.409	3.669	0	0	0	0	1.842	3.1	0	8.773	0	0	0	0	5.888	2.06
IFIT2	7.369	5.877	7.245	6.933	6.769	9.221	9.398	8.194	9.352	7.291	7.727	0	7.285	6.656	8.038	8.816	8.172	7.92
IFIT3	7.534	8.851	6.771	5.976	6.151	9.274	8.88	7.963	8.899	6.942	7.686	9.76	7.573	5.489	9.031	8.572	7.62	7.14
IFITM1	12.89	11.93	13.35	12.16	13.45	14.64	14.77	13.14	12.33	12.25	12.46	12.11	13.35	9.416	13.9	12.42	11.99	12.44
IFNA1	2.452	7.181	4.284	6.034	5.907	4.039	3.481	5.838	4.744	0	3.66	9.416	3.977	0	3.616	0	8.834	3.741
IFNA10	2.176	7.273	0	6.492	6.947	5.8	0	5.485	5.433	0.8873	4.891	10.27	5.168	0	4.965	2.277	9.138	4.636
IFNA14	0	0	0	2.65	2.187	2.981	0	0.4405	0	1.676	0	2.94	0	0	1.294	0	7.376	0
IFNA16	0	0	0	3.515	3.445	0	0	3.188	2.942	0	0	6.11	0.571	0	0.8469	1.747	3.741	0
IFNA2	0	6.284	2.409	4.26	4.74	3.88	0	3.937	3.859	3.494	0	7.028	3.741	1.684	3.27	0.8986	6.219	2.93
IFNA21	0	4.906	2.409	3.342	5.115	2.981	0	3.783	3.178	2.183	1.86	9.28	1.419	0	0	2.277	7.728	2.06
IFNA5	2.683	7.593	0	5.646	5.612	3.264	0	4.946	4.589	3.311	0	10.47	4.082	0	2.342	2.969	9.177	4.072
IFNA6	1.387	6.452	0	5.608	4.233	4.181	0	4.71	2.942	0	0	9.54	3.741	0	2.517	1.747	8.449	3.611
IFNA7	0	0	2.409	3.146	0	0	2.633	0	1.842	0	0	0	0	0	0	0	6.488	0.9021
IFNAR1	7.344	6.976	8.733	8.336	8.321	7.686	7.007	8.108	8.413	7.907	7.218	8.963	8.39	7.561	7.648	8.244	10.32	8.785
IFNAR2	9.602	10.79	11.31	10.35	10.46	9.662	8.973	10.45	10.07	9.861	8.967	12.85	10.15	8.851	9.467	10.02	10.99	10.13
IFNB1	0	0.2619	3.883	4.816	3.967	2.981	2.633	4.203	3.989	3.494	0	9.28	3.741	0	1.911	1.747	8.246	2.693
IFNE	3.905	0	5.839	5.058	7.231	4.181	0	6.33	4.32	2.854	1.394	10.65	3.293	0	3.537	2.277	7.828	3.468
IFNG	5.166	0	8.286	7.397	5.115	4.991	0	9.993	8.944	6.083	6.752	7.584	7.858	2.85	6.013	6.791	9.138	6.75
IFNGR1	10.88	10.42	11.84	11.09	11.46	10.59	9.571	12.16	11.32	10.45	10.66	11.27	10.68	9.814	9.964	11.81	8.928	11.58
IFNGR2	11.35	10.68	12.16	11.14	11.01	11	10.61	11.42	11.44	10.96	10.37	10.27	11.39	9.891	9.82	11.33	9.574	11.36
IFNK	3.213	0	0	3.935	4.106	2.164	0	3.937	3.38	3.1	0	8.773	0	0.584	0.1948	0.8986	6.219	4.072
IFNW1	0	5.877	0	4.354	3.445	1.472	0	2.157	0	0	0	0	0	0	2.517	2.664	7.503	0
IGF1R	9.358	12.73	10.57	10.09	9.292	8.899	8.685	9.83	8.672	10.63	10.68	13.46	9.305	8.922	6.152	10.65	14.18	10.59
IGF2R	8.738	10.44	10.44	9.934	9.555	9.074	9.447	9.593	9.563	9.777	9.901	10.47	8.954	9.128	8.887	10.24	9.737	9.652
IKBKB	8.575	11.62	9.507	8.997	9.025	8.682	8.818	9.63	9.003	8.538	8.795	13.61	8.581	7.507	8.628	9.025	11.01	8.324
IKBKE	7.556	9.964	10.22	8.876	8.444	7.031	6.765	9.881	8.366	8.424	8.155	11.15	8.676	7.816	8.355	8.712	12	8.282
IKBKG	9.1	12.16	10.56	9.433	9.244	9.45	9.096	9.857	9.11	8.554	8.949	14.41	8.693	7.884	9.239	9.085	12.28	8.925
IKZF1	5.989	0	7.529	6.648	6.543	4.911	2.974	8.787	7.213	5.867	5.116	7.985	7.36	3.331	5.382	7.855	0	6.951
IL10	5.78	0	6.64	8.387	6.468	4.911	5.101	6.273	5.863	3.494	5.074	0	5.017	3.062	3.454	6.921	7.237	5.138
IL10RA	9.194	9.352	11.73	9.826	9.999	9.175	7.543	11.47	10.44	8.687	7.607	12.39	10.14	6.883	8.472	11.05	10.14	9.687
IL10RB	9.647	9.287	10.88	10.38	10.52	9.853	9.394	10.56	10.28	9.137	9.511	9.13	9.941	9.398	9.679	10.22	10.2	9.997
IL11	3.057	6.095	4.854	5.113	7.216	1.472	2.186	4.203	5.072	2.854	6.439	7.028	3.107	3.871	4.587	4.305	6.488	4.636
IL11RA	7.105	11.08	7.414	6.992	7.216	7.208	3.481	9.354	7.303	8.001	5.074	13.07	6.792	5.981	7.761	7.487	8.734	7.151
IL12A	4.871	5.306	5.429	4.881	4.106	2.164	4.609	5.434	5.563	3.936	2.212	7.028	5.304	0	3.762	4.305	6.911	5.185
IL12B	1.387	0	2.409	3.808	4.35	2.164	0	4.946	4.816	3.657	0.7025	6.11	4.658	2.85	3.06	0.8986	7.503	3.86
IL12RB1	4.436	0	7.767	5.359	3.445	4.54	2.633	6.76	6.508	3.936	2.73	0	6.823	0	4.664	6.228	8.172	5.775
IL12RB2	8.638	0	8.431	5.359	5.464	8.994	9.608	7.464	3.859	7.351	8.821	0	7.11	3.692	6.166	9.207	7.237	8.385
IL13	0.7354	4.906	5.953	4.159	4.74	3.88	2.633	4.793	5.129	2.854	3.968	10.12	4.18	0	2.814	2.277	3.741	2.93
IL13RA1	10.32	10.91	12.62	10.82	11.54	10.13	8.725	11.42	11.14	10.81	10.63	12.33	10.02	10.94	9.863	11.36	12.46	10.92
IL13RA2	0	5.306	0	10.89	7.662	0	4.153	3.188	5.012	4.547	0	7.985	5.069	0	9.96	0	7.922	0
IL15	6.568	5.619	8.219	6.978	7.088	6.934	4.955	8.832	8.305	6.436	5.8	9.76	7.194	4.909	6.769	7.954	10.71	7.253
IL15RA	4.871	6.452	0	2.919	5.179	4.911	0	3.783	0	5.9	0.7025	10.27	3.107	0	0	4.916	6.911	5.356
IL16	10.8	13.71	11.26	10.2	9.487	10.95	11.55	12.27	10.1	9.167	10.43	13.95	10.8	7.126	9.39	11.36	13.17	10.26
IL17C	0	0	0	1.888	0	0	0	0	0	0	0	0	0	0	0	0	0	2.93
IL17D	6.832	8.126	3.883	6.806	5.412	8.49	9.038	6.214	7.265	6.111	8.414	2.94	4.788	9.321	6.535	7.321	0	8.013
IL17F	2.683	4.906	0	4.816	4.35	4.54	0	3.188	2.308	0	4.142	9.416	2.337	3.486	3.762	0	7.62	3.611
IL17RA	9.004	8.023	11.18	9.613	9.999	8.463	7.63	10.8	9.931	9.498	10.44	8.298	9.612	8.551	9.614	10.29	9.098	9.954
IL17RC	7.851	11	9.825	8.341	8.146	8.026	7.943	9.414	8.638	8.288	6.725	12.11	7.937	7.646	7.964	9.189	9.997	8.165
IL17RD	7.708	0	0	5.753	4.902	7.031	7.367	6.488	5.433	5.727	4.057	0	5.26	6.13	4.903	6.829	7.376	8.106
IL17RE	7.034	9.95	6.64	5.885	6.947	7.41	3.481	9.669	6.747	6.774	5.274	11.83	7.252	2.96	4.934	6.199	7.237	4.072
IL18	8.728	8.175	9.818	8.203	7.948	6.434	5.413	10.32	8.541	7.509	6.779	10.53	8.758	5.678	7.051	9.008	12.39	8.918
IL18BP	4.961	8.396	8.075	6.471	6.727	6.043	4.609	7.386	8.774	6.502	5.116	0	7.085	4.735	7.541	7.21	7.083	6.897
IL18R1	7.385	6.452	8.286	7.341	7.91	6.808	3.856	9.34	7.656	6.792	5.948	8.298	6.994	4.536	6.524	7.294	11.39	7.573
IL18RAP	4.157	0	5.953	5.718	6.493	0.09366	3.681	6.411	6.348	4.846	5.116	0	4.358	0	5.923	2.664	8.57	5.581
IL1A	4.436	6.738	6.497	5.166	5.412	4.642	4.508	6.214	3.178	3.657	7.577	7.584	2.893	3.411	2.942	2.969	6.488	3.97
IL1B	5.412	6.095	8.826	8.197	8.724	6.08	4.281	7.562	6.612	6.827	12.17	10.27	6.994	7.029	6.575	8.313	9.389	6.147
IL1F10	0	0	0	2.919	0	3.264	0	5.672	3.717	3.803	3.269	0	0	1.401	1.635	0	6.715	2.411
IL1F5	8.189	6.862	7.289	4.354	3.967	3.264	0	10.16	5.961	4.704	6.388	9.655	2.641	2.96	3.957	0	5.457	2.06
IL1F6	0	0.2619	4.597	2.919	3.641	3.88	0	0	2.308	0	0	2.94	0	0	2.142	0	7.503	3.97
IL1F7	6.959	6.284	0	4.159	0.4709	3.702	0	9.391	6.395	2.183	1.86	8.773	3.107	0	4.233	0	7.083	0
IL1F8	4.774	0	5.579	0	0	0	4.609	7.899	2.942	0	0	0	3.107	0	2.942	0.8986	0	1.594
IL1F9	7.993	5.877	6.158	6.143	5.115	4.181	4.792	8.353	6.348	4.461	6.082	9.28	5.544	2.459	4.282	5.495	7.503	4.824
IL1R1	8.336	4.906	7.199	7.79	9.256	8.323	2.974	9.549	7.864	7.498	7.599	6.11	6.593	6.165	4.547	9.17	7.237	8.584
IL1R2	6.263	5.619	5.953	5.946	7.739	3.88	0.3113	8.374	6.441	5.833	6.164	9.13	3.977	2.731	5.775	6.169	7.828	6.442
IL1RAP	9.139	10.44	10.21	9.65	9.394	9.226	9.34	8.762	7.4	8.98	9.385	11.37	9.08	8.699	8.867	9.534	9.177	10.77
IL1RL1	5.475	0	5.715	4.354	4.35	4.54	0	7.359	4.416	4.273	3.111	0	0	0	0.8469	5.871	5.888	5.041
IL1RL2	3.994	4.906	2.409	1.272	4.902	0	0	6.184	2.942	3.657	1.86	6.11	0	0	1.635	3.934	0	2.693
IL1RN	8.014	4.906	7.199	7.131	9.735	8.537	8.807	9.621	7.173	7.398	10.25	8.773	6.68	4.425	7.392	6.311	9.813	6.302
IL2	2.882	4.349	3.883	4.26	5.115	2.981	3.481	4.872	4.669	2.557	2.212	9.54	5.017	0	2.942	3.621	7.237	4.072
IL20	1.387	6.284	0	4.159	4.652	3.702	1.534	3.61	4.669	0.8873	4.221	10.34	3.741	2.459	3.691	5.235	8.317	2.93
IL20RA	6.093	7.36	0	4.525	3.813	0	0	8.171	4.416	2.854	1.394	8.298	1.949	0	1.635	4.41	6.219	3.741
IL20RB	8.553	7.082	6.158	5.447	5.464	4.039	2.974	10.93	7.291	7.077	6.504	8.298	5.119	3.486	5.668	5.675	4.84	5.23
IL21	0	4.349	6.25	5.001	5.115	2.164	0	6.33	4.416	2.557	0	10.12	5.684	1.92	4.074	3.934	8.385	4.421
IL21R	5.676	4.906	10.09	7.612	6.831	4.43	3.25	8.741	7.606	6.585	5.876	7.584	8.295	3.062	6.291	7.425	7.083	7.348
IL22	1.387	0	0	0	4.106	0.09366	0	0	0	0	0	7.028	0	0	0	0	0	2.693
IL22RA1	6.82	7.793	3.883	6.195	5.564	5.927	3.681	9.183	5.93	5.833	5.197	11.3	4.725	3.814	5.611	4.685	9.138	5.09
IL23A	3.6	4.906	5.261	4.159	3.641	4.181	0	5.672	4.95	0	5.116	2.94	4.658	3.814	6.279	3.786	7.237	4.167
IL23R	3.811	5.306	5.429	5.313	4.652	3.702	1.534	3.188	4.108	3.311	3.872	9.28	3.741	2.459	3.616	5.495	6.911	4.421
IL24	2.683	0	3.883	4.749	4.458	2.164	2.633	4.528	4.32	2.183	5.747	7.985	3.607	0	7.323	3.22	5.457	3.468
IL25	1.835	4.349	0	3.515	2.949	1.472	2.633	2.157	0	1.676	0	7.584	2.337	0	3.616	3.22	7.503	2.693
IL26	3.483	5.619	0	4.159	4.976	2.981	0	4.71	3.38	4.057	2.933	10.12	3.107	3.062	3.169	4.305	7.828	2.93
IL27	1.835	0	2.409	4.051	3.218	2.63	2.633	2.919	4.816	2.183	1.394	7.028	3.741	0	2.942	4.41	7.62	3.31
IL27RA	6.795	5.619	8.527	8.588	8.055	6.645	4.609	9.723	7.75	7.947	7.237	8.298	8.762	6.057	6.803	7.846	11.4	8.804
IL28A	2.683	3.432	3.327	5.313	4.74	3.88	0	3.783	6.167	0	3.111	9.28	3.741	3.158	4.664	0	8.385	4.167
IL28RA	9.719	6.738	6.497	7.209	6.245	9.956	10.28	8.319	6.818	6.702	8.795	9.28	7.767	4.989	6.698	7.21	7.62	8.1
IL29	3.811	3.432	5.072	5.404	5.047	4.911	3.481	6.055	5.993	2.854	4.057	9.28	4.907	3.158	3.365	4.916	7.62	4.881
IL2RA	6.719	5.619	9.42	8.782	8.011	6.315	4.012	7.687	7.044	7.147	6.697	8.963	7.49	5.489	6.545	8.178	9.763	9.322
IL2RB	7.599	8.692	10.07	8.403	8.046	7.439	4.012	11.12	10.12	8.554	7.042	12.01	9.763	5.845	7.945	9.993	10.06	8.833
IL2RG	8.203	8.076	10.89	9.172	7.975	7.305	5.356	11.39	10.12	8.701	7.813	10.85	10.06	4.937	8.474	10.15	8.928	9.571
IL3	0	4.349	2.409	3.515	4.233	3.264	0	3.61	2.659	0	0	6.11	0.571	0	0	0	0	0
IL31	0	0	0	4.942	0	2.981	0	5.211	3.558	0	0	7.985	4.849	0	2.814	4.41	3.741	1.594
IL31RA	4.232	3.432	6.89	5.113	4.902	2.981	1.534	7.04	6.632	5.353	3.541	7.584	5.429	2.122	3.169	5.757	7.503	5.396
IL32	13.48	17.47	13.46	13.99	15.2	14.86	11.77	13.49	13.74	13.13	12.95	20.79	12.86	12.78	11.84	13.45	14.83	13.27
IL33	8.672	9.047	11.67	7.44	9.561	9.302	4.281	9.783	7.501	9.022	6.892	9.952	7.441	5.661	2.342	9	7.376	8.292
IL34	6.333	4.906	6.337	5.113	3.813	5.272	3.856	8.247	6.395	5.445	3.269	0	5.069	3.871	5.336	8.046	7.62	6.075
IL3RA	6.052	0	6.25	5.853	7.247	6.934	4.281	7.17	5.605	5.613	7.02	2.94	6.232	4.031	4.626	5.447	6.911	5.581
IL4R	8.709	9.493	10.65	9.504	10.17	8.564	6.273	10.29	9.451	8.355	8.512	11.59	9.332	6.826	8.559	9.619	7.728	9.283
IL5	0	4.906	3.883	5.001	5.115	2.981	0	4.428	3.859	0.8873	0.7025	6.11	2.893	0	2.673	0	6.488	3.468
IL5RA	2.882	0.2619	0	4.678	5.047	2.164	0.3113	4.428	3.558	0.8873	0.7025	7.584	3.107	0	0.8469	2.969	6.911	3.611
IL6	5.565	6.452	6.707	7.397	9.843	6.405	3.856	3.783	9.515	6.391	9.001	8.555	5.811	7.591	4.547	7.855	7.922	8.227
IL6R	8.411	12.48	9.988	9.175	8.713	7.686	6.95	9.172	8.562	9.468	9.365	13	8.284	6.924	8.755	9.407	10.42	9.479
IL6ST	10.79	11.57	11.38	10.91	11.43	11.48	11.01	11.34	10.99	10.55	9.957	12.91	11.47	11.96	10.66	11.79	15.49	11.37
IL7	4.774	5.306	5.715	5.313	5.828	4.642	0	6.463	5.338	3.494	1.394	0	6.186	0	3.616	4.305	6.488	3.741
IL7R	8.466	7.519	10.28	9.759	10.89	7.031	4.876	9.475	7.685	8.687	8.103	11.07	9.086	5.16	9.101	9.63	8.785	9.119
IL8	9.252	7.273	7.798	11.51	12.56	6.74	7.746	5.327	9.124	8.634	16.07	10.41	9.556	9.261	9.018	11.16	8.785	9.961
IL8RA	3.483	0.2619	0	6.384	7.054	3.5	3.681	4.71	1.842	1.676	5.851	0	2.641	0	5.239	0	6.488	4.072
IL8RB	5.444	0.2619	0	8.112	9.179	4.43	2.186	7.346	3.38	5.035	7.4	7.584	2.641	2.122	7.193	4.986	7.237	6.05
IL9	0	0	0	0	2.949	0	1.534	2.919	1.842	0	1.394	0	0	0	0	2.969	0	3.132
IL9R	0	0	4.597	3.669	0	3.264	2.186	1.54	3.558	0.8873	0	0	3.459	0	2.342	0	6.219	2.93
INSR	8.831	9.936	9.58	9.307	9.588	9.023	8.317	9.718	9.096	9.204	8.722	10.7	9.509	8.548	7.34	10.35	8.734	9.679
IRAK1	10.02	11.32	10.17	8.927	9.499	9.938	9.765	9.384	8.823	8.407	9.078	12.92	8.284	7.686	8.852	9.537	9.763	9.782
IRAK3	6.539	4.349	7.67	7.544	8.611	6.74	3.856	7.107	7.059	5.531	5.994	9.416	5.615	4.031	4.934	7.253	9.421	7.556
IREB2	8.631	10.71	9.274	8.997	8.939	8.609	8.48	9.739	8.819	8.933	8.815	9.76	8.85	8.681	9.14	9.58	0	8.837
IRF1	7.202	8.175	10.03	7.831	6.811	7.192	5.521	9.788	8.891	7.398	7.096	12.74	8.897	5.25	7.85	8.671	8.246	7.511
IRF2	9.192	8.692	10.6	9.534	9.502	9.325	8.708	10.55	10.08	9.514	8.701	10.12	9.796	8.499	9.341	10.43	10.91	9.757
IRF3	7.784	9.756	8.431	8.593	7.984	7.948	7.451	8.254	8.396	8.082	7.721	11.12	7.555	7.365	8.197	8.712	13.72	7.934
IRF4	10.78	12.88	9.764	9.099	5.788	10.18	10.58	8.842	10.81	10.31	10.45	13	10.56	9.296	12.2	10.4	7.237	10.24
IRF5	7.095	5.877	8.451	7.27	7.685	6.543	4.399	8.89	8.287	6.942	4.297	7.985	7.285	5.015	6.204	8.086	10.14	6.854
IRF6	8.715	6.976	3.327	4.678	4.106	6.185	5.965	10.47	7.596	7.443	7.198	7.985	6.255	5.578	3.365	5.397	6.715	7.209
IRF7	9.473	8.758	8.841	7.993	8.47	10.79	10.83	9.683	8.806	8.089	9.674	9.655	9.108	6.759	9.268	9.041	9.908	8.592
IRF8	6.856	7.442	9.074	7.993	7.802	7.05	4.792	9.478	8.464	7.339	5.116	8.963	8.096	5.114	5.938	8.11	9.997	7.658
IRF9	10.58	12.72	11.69	10.76	10.47	10.95	10.59	11.76	11.04	10.35	11	14.74	11.49	9.298	12.29	11.22	14.2	11.05
ITGAE	7.927	8.789	8.733	8.139	8.496	7.958	7.478	9.624	9.346	8.724	8.742	8.773	8.175	7.873	9.022	8.676	7.237	8.774
ITGAL	7.772	5.619	10.31	9.089	8.105	7.366	5.965	11.31	9.969	8.507	6.725	10.12	9.374	5.678	7.787	10.19	11.29	8.969
ITGAM	7.301	7.082	10.68	9.7	10.12	7.866	6.675	9.795	9.187	8.179	7.086	10.65	8.63	6.712	7.658	9.496	10.75	9.08
ITGAV	10.21	13.85	12.84	12.08	12.56	10.71	10.19	10.72	10.58	10.61	10.87	16.13	9.705	10.08	10.02	10.89	15.53	10.88
ITGAX	8.679	10.62	11.4	10.69	11.11	8.339	8.117	11.75	11.25	9.327	9.015	10.85	10.04	7.022	8.817	10.73	9.515	10.54
ITGB2	8.718	9.148	11.92	10.45	10.61	8.7	7.367	11.53	11.3	9.309	8.234	12.37	10.25	7.428	8.423	11.17	12.74	10.35
ITK	7.034	4.906	9.074	7.831	7.104	6.694	4.609	10.84	9.183	7.931	6.405	9.952	8.655	5.015	7.937	9.505	10.69	8.735
Ier3	9.899	6.738	11.33	10.09	11.19	8.909	8.662	9.663	9.003	9.786	12.4	10.2	11.42	9.496	7.566	10.1	11.13	10.35
JAM2	8.427	8.88	7.798	8.301	9.398	9.736	5.03	9.277	8.503	7.409	6.641	11.15	6.593	6.615	4.182	8.622	5.888	9.381
JAM3	8.6	8.88	7.943	9.992	9.848	9.266	6.039	9.736	8.874	9.13	10.31	10.9	9.967	7.016	6.707	10.33	11.02	10.56
KAL1	5.312	6.738	9.148	7.306	7.153	5.611	4.153	8.24	8.28	5.69	5.236	9.13	6.088	6.736	3.06	8.193	9.63	8.344
KDR	6.597	9.512	7.798	7.747	8.691	8.42	5.845	7.963	6.418	7.398	6.868	10.53	6.186	5.451	5.239	7.864	9.453	6.517
KIT	8.382	7.082	6.89	7.941	7.532	9.831	10.47	9.394	8.924	6.27	10.08	0	8.531	7.256	3.895	4.916	3.741	7.427
Klf4	10.92	10.79	11.22	9.564	9.49	9.722	7.757	12.57	12.22	11.25	8.973	14.35	8.718	8.724	8.242	11.46	9.544	11
L1CAM	9.102	11.64	10.63	9.033	10.83	9.591	9.832	8.067	8.248	5.489	13.5	12.53	9.394	5.709	8.338	10.74	9.138	12.36
LAG3	6.77	6.602	9.94	7.926	5.3	7.381	6.003	10.72	10.09	7.923	7.265	9.952	9.286	2.85	8.466	10.05	11.58	9.175
LBP	3.709	6.452	6.771	5.217	9.364	8.016	4.704	6.537	6.14	5.203	4.841	7.985	5.26	5.451	4.282	6.108	6.219	5.863
LCK	7.327	4.906	9.81	8.203	6.79	6.405	5.03	10.99	9.193	7.993	6.317	11.15	9.195	3.158	7.072	9.2	11.01	8.106
LCP2	10.11	10.64	12.46	10.81	11.01	10.25	9.565	12.64	11.65	9.979	11.12	11.5	11.6	10.13	9.72	11.74	11.02	11
LDHA	13.64	12.69	13.28	13.02	13.52	14.63	14.37	12.97	12.38	14.56	15.51	12.4	13.78	13.38	13.45	13.41	10.04	13.8
LEP	0	5.877	0	5.058	4.976	9.188	5.926	0	5.863	0	0	0	0	1.05	0	0	0	2.93
LEPR	8.28	6.095	7.566	7.747	8.063	8.427	4.704	8.44	8.436	8.016	7.339	7.985	6.696	5.645	5.491	8.229	8.928	10.26
LIFR	8.497	7.181	9.171	7.677	8.887	9.378	4.609	8.885	8.062	8.71	4.891	9.416	7.759	6.286	5.264	9.448	9.098	9.296
LILRB3	6.416	6.738	8.78	8.534	8.911	6.08	5.234	7.771	8.743	6.645	6.262	11.15	6.404	5.09	6.462	8.171	10.97	7.436
LIMS1	8.107	6.602	8.796	8.085	8.508	7.779	6.988	7.945	8.354	7.641	8.694	8.773	7.694	7.39	7.256	8.497	5.888	8.211
LMBR1	10.07	10.91	10.3	9.894	10.28	10.31	10	10.79	10.84	10.42	11.47	9.655	10.16	10.54	9.883	11.41	10.32	10.49
LPA	0	0	0	2.319	0	0	0	3.61	2.308	0	0	0	3.459	0	0	0	0	3.31
LRP1	10.9	12.6	11.5	11.51	12.24	11.52	10.12	11.66	11.32	10.19	9.967	13.85	9.65	10.56	9.81	11.43	9.515	11.26
LRRK1	9.509	7.663	10.52	9.156	9.098	8.857	8.117	10	9.131	8.787	8.779	9.655	9.369	6.743	6.652	9.837	10.66	9.666
LRRK2	7.085	12.1	9.756	9.143	7.792	6.851	5.76	8.688	9.534	8.783	7.499	12.61	7.843	6.847	6.837	8.692	12.32	8.692
LTA	2.882	4.906	6.337	5.001	5.179	2.981	0	6.437	5.289	3.803	0.7025	9.952	5.984	1.05	4.33	5.235	0	2.411
LTBP1	8.505	8.076	8.545	8.803	10.15	9.336	5.234	10.26	8.141	8.117	8.039	7.985	7.421	6.388	5.859	8.753	7.083	9.545
LTBR	10.77	12.85	11.85	11.03	11.1	10.87	10.88	10.49	10.16	10.71	10.31	14.79	9.971	10.35	9.599	10.72	13	10.3
LUM	12.77	12.97	13.01	15.3	15.35	12.85	9.523	13.53	14.52	11.75	13.32	16.9	12.03	12.8	7.219	13.7	14.25	12.6
LY6G	0	0	0	0	2.618	0	0	0	0	0	0	9.13	0	1.401	0.8469	0	4.84	0
LY75	7.62	0	9.553	7.234	7.169	5.885	3.481	10.22	8.866	7.561	5.747	7.028	8.484	5.16	6.504	8.692	4.84	8.329
LY96	9.358	10.83	11.78	10.41	10.57	11.27	11.71	10.15	10.4	10.74	9.184	12.94	9.872	9.447	10.06	10.38	12.32	9.713
MADCAM1	0	0	0	0	0	0	0	3.61	0	0	0	0	2.337	0	0	0.8986	0	1.594
MALT1	9.806	7.73	9.81	8.579	9.3	9.89	9.811	10.16	9.364	8.787	9.467	9.859	8.936	8.6	9.288	9.14	9.837	9.024
MAP3K14	8.107	12.42	10.49	9.232	9.131	8.809	7.409	10.13	8.87	8.367	7.075	14.99	8.89	7.452	8.724	9.203	12.59	8.566
MAP3K8	8.357	6.452	9.624	8.923	10.09	7.897	6.988	9.44	8.756	7.509	7.467	6.11	8.306	6.348	7.375	9.457	7.62	9.065
MARCO	7.943	6.738	7.97	11.94	9.666	8.186	5.572	9.453	8.77	8.313	5.449	9.54	7.686	7.212	5.491	8.763	12.58	9.554
MCAM	9.559	11.36	7.798	9.803	9.96	11.36	10.99	7.502	7.777	8.458	10.75	9.76	9.384	10.36	8.138	10.08	10.52	10.36
MET	9.575	7.519	10.68	6.384	9.418	8.652	9.07	7.73	11.57	10.55	11.1	9.28	9.509	12.09	12.53	9.136	7.083	10.1
MICA	7.174	11.08	8.927	7.077	7.852	7.561	7.214	7.74	7.856	7.091	8.135	12.26	7.401	6.673	7.531	8.491	7.728	8.088
MICB	9.427	8.993	9.338	8.807	8.797	10.15	10.05	9.59	9.611	8.074	8.088	11.23	9.151	8.524	9.527	8.983	10.89	8.668
MIEF1	7.977	9.072	7.767	8.33	7.717	8.212	8.2	7.954	7.786	8.288	9.004	9.13	7.644	8.393	8.458	8.717	9.515	8.355
MIF	12.67	16.02	12.15	12.02	12.23	13.16	12.93	11.49	11.87	13.38	14.27	16.85	11.78	12.25	12.94	13.64	10.22	13.56
MITF	10.45	10.9	9.048	10.69	7.842	10.57	10.91	8.557	10.35	11.86	12.6	7.985	11.45	11.75	12.15	10.14	10.31	11.64
MLNR	0	0.2619	4.284	4.816	3.445	3.5	3.481	3.414	4.816	2.854	2.494	0	4.082	3.871	3.691	4.507	4.84	3.741
MMD2	0	0	0	4.051	0	3.5	0	1.54	0	0	2.494	2.94	0	0	2.814	0	0	6.238
MMP1	8.966	0	6.64	6.789	13.66	6.252	8.151	8.736	5.644	6.193	12.66	0	4.589	5.065	4.074	5.871	6.715	6.587
MMP11	5.593	7.854	0	9.04	5.658	5.138	0	8.075	8.481	5.304	5.449	12.35	5.215	6.368	3.957	4.191	11.6	3.31
MMP12	3.6	0.2619	5.953	8.588	9.474	4.181	5.413	7.023	4.744	8.355	9.268	8.555	6.663	4.765	11.23	1.747	8.928	6.897
MMP13	4.157	5.306	0	4.26	10.59	3.88	0	7.709	4.884	3.657	7.127	7.028	3.293	4.536	2.342	0	0	7.388
MMP14	9.809	11.33	10.19	10.6	11.15	9.234	9.443	10.07	10.4	9.674	11.61	11.7	10.24	9.838	10.36	10.26	10.78	10.6
MMP15	7.541	11.26	8.1	9.929	7.901	7.453	4.704	7.186	6.395	6.844	8.955	10.8	6.611	8.335	7.275	5.716	11.23	8.205
MMP19	7.418	7.273	7.858	8.403	9.965	7.907	6.95	8.247	7.457	7.978	7.096	11.27	6.277	5.725	6.462	9.029	12.03	8.513
MMP2	13.77	11.69	11.2	13.43	14.31	12.33	9.387	13.42	12.51	11.11	11.17	14.38	9.136	12.2	10.68	11.46	15.8	11.53
MMP20	3.213	5.306	4.284	2.919	3.813	4.738	0	4.076	3.178	0	0	0	3.107	2.459	1.911	3.435	5.888	0.9021
MMP21	2.452	0	4.284	4.051	0	4.827	0	4.076	1.15	2.183	3.269	0	0	1.684	3.616	0.8986	3.741	0
MMP28	6.625	8.126	5.715	5.447	6.151	7.978	0.3113	8.936	6.853	5.833	5.03	10.75	2.893	3.411	1.911	5.588	7.828	7.116
MMP3	9.072	7.663	7.053	4.678	10.31	4.039	6.075	7.597	4.505	5.035	11.64	9.54	3.293	5.433	0	2.664	7.922	3.31
MMP7	7.248	4.906	5.429	5.646	11.72	5.334	1.534	7.963	6.298	5.613	3.269	8.773	4.907	7.686	3.169	0	5.457	5.138
MMP8	5.047	0	0	3.935	6.518	5.506	5.234	3.188	0	3.1	8.637	0	3.607	0	0	7.98	6.488	6.48
MMP9	6.693	8.437	11.56	10.3	11.66	7.722	7.531	12.16	8.623	11.18	7.931	12.57	9.447	6.118	9.633	8.782	14.9	9.803
MPL	0	5.877	2.409	4.051	4.233	4.039	2.633	3.937	4.32	1.676	3.66	8.963	1.949	2.601	1.911	4.191	5.457	3.741
MR1	6.227	6.095	7.453	7.105	6.748	6.043	2.633	8.116	8.318	5.763	4.841	0	7.965	6.876	5.859	7.4	7.237	7.209
MSR1	10.02	11.18	13.39	11.5	12.13	11.01	10.36	12.39	12.27	9.638	9.521	15.12	10.82	9.267	9.907	12.6	11.95	12.14
MUC4	0	4.349	0	4.159	0.4709	2.981	0	2.919	3.717	0	1.86	2.94	2.641	0	3.06	0	4.84	3.611
MUC5AC	1.835	6.284	5.072	0	2.618	0	2.633	2.587	3.558	2.854	4.79	6.11	0.571	0	2.517	0	5.888	2.693
MYD88	9.194	7.36	10.53	9.852	9.946	10.08	9.674	10.34	9.967	9.423	9.463	8.963	9.612	8.302	9.279	9.946	12.55	9.363
Maff	7.434	8.355	7.767	7.306	7.75	7.918	7.451	6.76	7.291	7.421	8.508	10.34	6.162	6.265	7.726	8.821	10.02	8.292
NAIP	8.538	10.36	10.04	9.03	9.353	8.483	7.337	9.555	9.142	8.158	7.643	9.416	8.824	10.15	8.07	9.26	8.01	8.438
NCAM1	2.176	0	8.196	3.935	3.813	4.991	0	5.149	6.691	7.717	8.362	6.11	0.571	9.444	6.242	7.645	7.503	10.07
NCAM2	5.204	8.175	5.953	7.209	6.871	5.138	4.012	7.751	7.804	4.057	6.535	0	5.468	4.128	6.689	8.961	7.083	10.07
NCAN	0	0	2.409	0	2.187	0	0	2.157	0	0	1.86	0	0	0	1.294	0	0	7.806
NCR1	1.835	0	0	0	0	0	0	0	1.842	0.8873	0	2.94	0	0	0	0	0	0
NDUFS3	11.29	12.3	11.41	11.16	10.94	11.81	12.07	11.3	10.52	11.44	11.94	12.85	11.24	11.54	10.89	11.58	13.55	11.11
NFAT5	8.655	10.67	9.39	8.904	9.751	8.59	8.142	9.83	8.761	8.668	9.237	10.59	9.348	8.767	8.178	9.181	7.503	9.08
NFATC1	6.959	7.793	8.219	7.63	8.47	7.467	4.399	8.999	8.062	7.487	5.606	8.298	7.555	7.959	6.385	8.229	8.785	6.978
NFATC2	8.407	10.91	10.79	9.776	8.696	8.126	6.334	11.29	9.661	8.917	8.224	12.43	9.633	6.951	7.495	9.472	9.214	9.479
NFATC3	10.61	12.29	11.42	10.96	10.83	10.58	9.955	12.96	11.42	10.78	11.02	13.3	11.54	10.75	10.46	11.78	11.68	10.97
NFATC4	5.505	0	0	5.001	6.468	4.642	0	5.951	5.338	4.975	0	2.94	4.358	4.672	5.741	4.305	3.741	4.257
NFKB1	8.427	9.309	9.171	8.318	8.696	7.812	7.367	9.092	8.498	8.199	8.14	6.11	8.594	7.827	8.493	8.882	10.53	8.395
NFKBIA	10.73	11.7	13.15	11.07	11.63	10.61	9.401	12.19	12.79	10.97	11.76	13.87	11.36	9.883	11.7	12.62	15.05	11.99
NFKBIB	7.145	8.126	7.374	7.472	6.965	7.756	7.337	6.697	8.845	6.219	6.792	10.59	6.277	5.56	7.238	7.238	10.75	6.671
NFKBIE	8.18	9.512	10.38	8.381	8.24	7.662	7.642	9.033	8.268	9.403	9.11	10.75	9.324	8.742	8.181	8.521	9.515	8.49
NFKBIZ	9.496	10.31	10.2	10.42	10.62	9.226	8.216	10.46	9.734	10.28	10.67	13.67	11	8.312	10.5	9.943	10.53	11.56
NFYA	10.36	12.96	10.15	10.55	9.958	10.49	10.86	10.15	9.621	10.26	9.497	13.95	10.24	10.1	9.532	9.978	11.05	9.738
NFYB	8.328	10.13	9.349	9.77	9.339	9.123	7.132	9.788	9.67	9.519	9.505	12.45	8.705	8.989	9.274	9.974	11.42	9.33
NFYC	9.125	9.123	9.41	9.463	9.051	9.439	9.48	9.959	9.159	10.07	9.573	9.416	9.255	10.03	9.276	9.622	8.972	9.304
NKIRAS1	7.74	10.34	8.651	9.033	7.802	8.694	8.983	8.44	8.551	8.843	8.666	10.9	7.836	8.681	7.328	9.552	10.98	9.169
NKIRAS2	8.489	9.834	9.469	9.301	9.561	9.046	8.725	9.404	9.011	9.495	8.431	8.963	8.651	9.112	9.218	9.322	9.057	9.245
NKRF	7.778	9.992	7.97	7.712	8.072	7.625	7.779	8.033	7.457	8.436	9.181	9.859	8.175	7.591	8.084	8.005	5.888	8.858
NLRC3	5.088	5.306	7.858	6.738	5.3	3.702	0	9.071	6.652	5.149	3.411	10.75	6.321	0	4.736	6.49	11.54	5.649
NLRC4	4.436	5.306	7.97	7.021	8.521	6.185	4.609	6.608	6.783	5.573	4.368	10.12	6.011	4.305	5.758	7.591	11.71	7.317
NLRP1	9.204	8.851	9.995	8.888	10.04	8.735	6.475	11.64	9.651	8.59	6.83	11.4	8.94	6.348	10.08	9.818	9.484	8.945
NLRP10	6.416	3.432	6.059	4.442	3.445	2.981	2.633	9.067	4.108	1.676	3.77	2.94	3.977	2.122	3.27	0	6.911	3.31
NLRP12	3.994	0	0	6.195	6.119	1.472	0	4.076	4.416	2.854	2.73	8.298	4.271	2.459	4.33	0	7.62	4.072
NLRP13	0	3.432	0	2.65	0	0	0	0	0	0	0	6.11	0	0	0.8469	0	0	0
NLRP2	5.241	5.877	7.887	6.886	5.944	4.911	3.681	9.414	5.605	5.727	4.79	9.655	5.119	4.672	5.552	5.345	10.65	7.03
NLRP3	5.047	5.877	7.828	7.05	6.415	5.843	4.399	7.155	7.646	6.344	6.738	9.76	6.321	4.703	4.965	7.677	10.27	7.175
NLRP4	0	0	0	0	3.218	0	0	3.61	0	0.8873	2.73	0	1.419	0	6.042	0	3.741	0
NLRP6	3.811	0	4.284	4.525	5.241	3.88	0.3113	5.627	5.238	2.854	1.86	7.985	4.516	0	4.464	5.177	0	5.473
NLRP7	3.057	0	3.883	4.354	0	0	0.3113	2.919	3.859	0	0	8.963	1.419	0	3.454	0	6.219	4.421
NLRP8	0	4.349	0	3.342	4.823	2.63	0	4.076	4.218	0	0	2.94	1.419	2.122	1.911	0	0	3.741
NLRP9	2.452	0.2619	0	5.113	4.976	3.88	0	3.414	2.942	0	1.394	7.028	1.419	1.05	4.074	0	7.828	4.421
NOD1	8.933	10.02	9.183	8.695	9.697	9.078	8.224	9.34	9.166	8.463	8.313	10.27	8.38	7.272	9.653	9.057	9.602	8.485
NOD2	7.839	4.349	8.749	7.563	8.154	6.405	5.356	9.845	8.648	6.645	7.188	9.859	8.21	5.334	6.204	8.038	8.172	6.991
NOS1	2.452	0	0	4.442	2.949	0	0	6.021	2.942	3.657	0	6.11	0	2.122	1.294	0	0	4.421
NOS2	2.452	0	3.327	0	0	0	0	3.783	3.38	0	0	0	0	0.584	2.142	2.664	5.888	3.97
NOTCH1	7.993	11	10.35	9.333	9.549	8.57	7.026	10.21	8.924	8.992	7.721	13.61	8.139	7.078	9.711	9.372	10.75	8.724
NOTCH2	11.28	13	11.63	11.7	11.07	11.51	11.5	12.07	11.11	10.78	11.65	13.54	11.6	10.98	10.04	11.71	14.18	11.43
NRCAM	6.948	6.738	10.15	6.116	7.707	6.993	5.845	7.359	9.288	4.777	5.948	8.555	8.199	9.848	5.611	9.42	7.922	10.83
NRP1	10.49	10.74	11.88	11.71	12.88	11.76	9.074	11.47	10.49	10.72	9.499	13.32	9.785	9.346	8.834	11.4	14.78	10.5
NRP2	10.82	12.51	12.55	12.24	11.48	10.81	10.53	10.4	11.08	11.78	10.94	14.05	11.46	11.53	11.61	11.81	13.77	11.61
OGDHL	2.683	0.2619	0	3.935	2.618	4.181	0	3.783	3.178	0	3.66	7.584	1.419	3.158	1.635	1.747	6.911	7.493
OGFR	9.401	11.22	10.56	9.664	9.415	9.882	9.74	10.44	9.766	10.97	10.34	13.35	9.831	8.753	9.812	10.02	9.861	9.752
OLR1	5.047	6.284	7.245	6.407	6.638	5.611	5.296	5.838	8.305	4.057	7.491	10.47	6.663	5.374	3.691	9.033	4.84	7.398
P4HA1	8.056	9.55	8.489	8.499	8.939	8.497	8.839	8.509	8.453	8.809	9.291	2.94	7.909	8.241	7.541	8.983	0	7.974
P4HA2	7.634	8.725	8.811	8.228	9.139	6.993	6.988	8.347	9.166	7.551	8.917	7.028	7.916	6.118	7.127	7.739	0	7.674
P4HB	12.81	12.07	13.53	12.37	12.99	12.29	12.16	12.64	12.64	12.22	12.23	11.7	12.04	12.29	12.47	12.7	10.84	12.9
PDCD1	4.303	0	8.075	5.976	2.949	4.642	0	8.968	8.009	5.035	3.111	8.555	7.318	0	5.136	7.267	7.922	6.605
PDCD1LG2	7.442	3.432	9.74	8.228	8.194	6.993	6.447	9.584	8.987	6.32	5.482	7.028	8.019	5.015	7.127	9.061	6.911	8.453
PDGFRA	9.494	6.862	8.996	8.892	11.18	7.698	4.792	9.997	8.891	8.145	8.677	6.11	8.193	8.061	4.421	9.747	13.31	8.334
PDGFRB	11.3	10.99	10.33	11.17	12.33	10.83	8.2	11.62	10.87	10.11	9.83	12.23	9.136	9.532	9.066	10.63	9.057	10
PDIA2	0	0	0	5.447	3.445	2.164	2.186	0	3.717	0	0	6.11	2.893	3.814	3.616	0.8986	6.488	5.546
PDIA3	7.821	8.692	9.074	8.05	8.356	7.948	7.654	8.283	8.261	7.592	8.443	8.963	8.316	8.079	7.922	8.485	7.237	8.462
PECAM1	11.2	9.936	11.11	11.4	12.37	12.21	9.241	11.46	11.53	10.15	9.477	11.64	10.26	8.885	9.005	11.65	10.7	11.04
PGK1	13.01	15.17	13.01	12.94	12.86	13.84	14.03	12.63	13	14.1	14.52	16.07	12.26	12.27	13.27	13.09	15.47	15.31
PGLYRP1	0.7354	4.349	0	5.447	3.445	0	0.3113	0	0	0	0.7025	0	2.337	0	3.169	0	6.715	1.594
PGLYRP2	2.452	0.2619	0	3.146	2.618	2.981	2.974	2.587	1.842	0	2.212	7.985	0.571	0.584	2.942	0	6.488	3.86
PGLYRP3	6.316	7.082	0	4.354	3.813	0	0	8.058	5.129	4.628	4.624	9.416	0	2.122	2.342	3.934	6.911	3.468
PGLYRP4	5.346	4.349	0	4.051	4.652	0	0	6.82	2.659	3.803	0.7025	2.94	3.607	0	1.911	0	7.237	2.693
PLA2G2A	7.548	0	8.286	9.417	9.055	8.646	4.399	7.562	7.501	8.361	2.73	8.773	5.468	7.698	2.142	5.675	6.488	8.692
PLAU	8.122	7.082	10.35	11.13	10.77	8.108	6.501	9.921	9.256	7.735	8.219	0	8.216	7.686	7.231	8.178	11.19	8.495
PLAUR	10.47	8.476	11.32	10.38	11.25	9.641	9.993	8.66	9.626	8.074	10.79	11.4	8.169	7.072	8.087	9.804	12.8	9.87
PLOD1	9.746	12.2	11.98	10.5	10.91	10.32	10.64	8.972	9.858	10.04	10.47	13.71	8.936	9.991	9.168	10.15	11	9.697
PLOD2	7.105	9.265	10.32	10.82	12.06	8.95	7.277	7.851	9.011	10.74	9.007	7.028	9.258	10.27	7.753	8.845	11.43	10.74
PLOD3	10.32	13.61	13.66	11.06	10.79	10.33	10.92	8.671	11.1	10.99	13.08	14.09	9.569	9.947	11.21	12.05	10.31	11.01
POLR1B	9.023	8.966	9.764	9.387	9.296	8.781	9.006	9.199	8.823	9.412	10.4	9.859	9.151	9.273	8.76	9.352	7.237	8.837
POLR2A	8.712	8.175	8.941	8.911	8.74	8.764	8.287	9.28	7.906	8.756	8.795	9.416	7.564	7.35	9.084	8.792	10.2	9.04
PPARG	5.805	6.738	5.839	7.064	7.651	8.59	5.572	7.88	7.388	6.436	6.184	9.655	5.811	5.578	3.762	7.15	7.828	7.104
PPARGC1A	6.152	11.69	5.261	6.244	5.412	5.66	2.186	7.73	7.75	9.262	5.197	13.26	2.337	8.061	7.658	7.91	8.785	7.042
PPBP	2.882	0	0	8.158	7.966	5.394	1.534	4.872	0	0	4.142	0	0	0	9.338	2.664	5.888	5.435
PPIA	9.017	11.27	9.46	8.934	9.57	8.712	8.583	10.01	9.149	10.7	9.256	9.54	8.512	9.691	8.792	10.12	10.32	9.285
PRAJA1	7.115	9.394	7.601	7.196	7.616	7.662	7.478	7.231	7.173	7.571	8.516	11.19	7.285	7.438	7.949	6.939	9.287	7.484
PRF1	7.599	4.349	9.975	9.092	8.545	7.208	5.356	11.83	9.902	8.574	8.114	6.11	8.978	4.22	8.104	10.3	12.69	9.819
PRKRIR	10.19	10.94	10.27	10.21	10.55	10.12	9.873	10.56	10.58	9.684	9.92	12.23	10.22	10.13	10.02	10.45	12.12	9.85
PROCR	7.174	7.273	8.05	7.306	8.802	7.745	5.621	6.971	9.121	6.245	5.876	11.03	6.088	5.271	8.254	7.51	7.376	7.055
PSMB10	8.37	9.219	10.01	8.915	8.901	8.596	7.437	9.8	9.646	9.003	7.876	11.85	9.833	7.39	8.842	9.865	11.49	9.231
PSMB8	11.43	10.32	12.24	11.22	10.52	12.29	12.2	12.16	12.25	11.8	10.97	13.67	12.26	10.34	11.49	12.35	11.11	11.5
PSMB9	10.49	10.3	12.33	10.44	9.759	11.47	11.2	11.78	11.94	10.21	9.499	14.82	11.67	8.559	11.01	11.72	13.81	11.34
PSME1	11.02	10.22	12.31	10.81	10.8	11.29	10.89	12.11	11.65	11.13	10.75	11.3	12.25	10.56	11.82	11.9	10.56	11.63
PSME2	11.48	13.51	13.97	12.08	11.7	12.29	12.11	12.54	12.62	11.94	11.83	16.78	12.52	11.03	13.04	12.77	15.17	12.46
PSME3	10.73	11.13	11.2	10.72	11.02	10.97	10.75	11.27	11.04	11.55	11.26	9.76	10.97	11.25	11.02	11.46	7.922	11.44
PTAFR	6.991	6.862	9.58	8.731	8.934	6.83	6.11	8.909	8.968	6.844	6.082	10.27	7.401	4.909	6.769	9.113	11.38	8.635
PTEN	9.501	10.76	9.43	9.698	9.487	9.768	9.48	10.38	9.775	9.842	9.997	9.952	9.884	9.513	9.787	10.39	10.31	9.693
PTGS2	4.498	0.2619	4.284	5.82	9.029	2.981	0.3113	5.627	5.338	4.461	8.38	7.028	4.849	4.571	4.903	6.903	8.093	6.781
PTK2	10.68	14.17	11.52	10.75	11.04	10.92	10.86	10.19	10.58	11.67	11.4	15.2	10.51	11.1	10.3	11.22	11.77	11.08
PTPRC	7.266	5.877	9.658	8.757	8.063	6.405	5.413	10.33	8.691	7.018	6.765	7.584	8.781	5.433	7	8.953	5.457	8.319
PTX3	7.563	4.906	8.196	7.091	8.217	8.09	7.735	6.488	7.173	6.024	6.998	9.13	6.853	5.47	4.626	7.18	8.093	8.199
PYCARD	6.77	9.331	8.451	7.956	7.557	7.823	7.214	8.977	7.856	8.605	5.8	11.23	7.564	8.091	8.513	8.163	11.97	8.324
PYDC1	5.379	0	0	1.888	0	0	2.633	6.84	0	3.657	2.73	0	0	1.401	0	0	0	2.693
RAC2	9.199	6.976	10.41	9.359	9.034	8.427	7.277	11.46	10.02	9.54	8.145	8.773	9.934	6.483	8.819	10.46	10.74	9.879
RARA	8.184	9.512	9.123	9.25	9.318	8.427	7.712	8.751	8.366	9.112	9.07	10.2	8.991	9.964	8.998	9.316	8.511	9.228
RARB	5.593	9.331	7.997	8.247	7.557	6.151	3.25	6.488	7.479	8.145	5.924	10.2	8.256	9.674	7.037	8.386	10.06	7.436
RARG	7.987	9.74	8.286	7.919	7.91	8.564	8.264	9.525	8.001	8.897	7.417	10.53	6.383	8.746	8.118	8.346	11.32	6.854
RARRES3	7.257	0	10.15	8.092	6.727	7.733	5.886	10.13	10.17	9.109	6.83	0	10.56	7.424	9.18	9.917	8.246	9.857
RBP5	2.882	0	2.409	4.354	2.618	0.09366	0	5.27	2.942	4.273	0	0	1.949	2.601	0	5.542	0	2.93
REG3G	1.835	6.862	2.409	6.269	3.218	0.09366	0	0.4405	2.308	5.994	2.212	0	4.18	4.386	3.691	4.41	8.01	2.93
RELA	9.537	9.373	9.111	9.047	9.311	9.731	9.623	9.466	9.063	9.04	9.032	0	9.609	9.195	8.942	9.49	11.78	9.234
RELB	7.654	7.793	9.022	7.658	7.862	7.767	7.735	8.575	7.786	7.134	7.592	11.03	8.405	6.743	7.792	7.591	9.057	7.317
RFX5	8.621	9.331	9.691	8.93	8.623	9.004	8.607	9.76	9.159	8.881	8.532	10.27	9.233	8.148	8.801	9.899	8.172	9.181
ROBO1	8.474	7.969	9.4	9.929	8.611	8.741	8.742	9.046	8.402	9.561	10.01	0	7.873	9.739	8.392	8.681	6.219	9.149
ROBO2	5.676	6.862	5.429	7.196	4.106	5.206	0	7.761	6.372	4.057	9.776	9.13	4.18	4.963	6.483	4.843	6.911	7.398
ROBO3	5.379	5.619	8.308	6.407	6.468	6.315	7.062	7.4	7.265	4.777	5.31	10.04	6.867	4.22	6.633	7.088	3.741	5.892
RPL19	12.69	12.76	12.69	12.75	12.88	12.26	12.51	13.54	12.07	11.78	12.81	12.11	13.31	12.93	11.41	12.95	5.457	12.83
RPLP0	13.83	12.29	12.96	13.65	13.92	13.29	13.24	14.01	12.9	13.07	14.11	13.05	13.56	13.79	12.24	13.55	11.4	13.58
RXFP1	0.7354	0	0	5.266	1.57	0	0	2.587	3.178	0	2.212	0	0	0	1.911	7.45	0	5.473
Runx3	9.95	8.175	9.58	9.596	7.417	10.39	10.62	10.16	8.874	8.72	9.622	8.773	9.635	6.13	7.704	11.17	10.71	10.15
S100A1	11.87	16.23	13.36	9.816	7.469	11.01	11.4	5.017	9.423	12.37	11.85	17.48	7.836	12.47	10.77	11.56	14.31	11.85
S100A10	13.66	15.21	14.3	13	13.16	14.25	14.32	13.28	13.72	13.24	13.94	16.71	12.59	11.93	13.23	13.6	14.53	14.05
S100A11	14.9	16.01	14.86	14.25	14.74	15.44	15.25	14.58	15.03	14.65	15.32	14.84	13.68	13.34	13.96	14.6	13.62	14.42
S100A12	7.105	5.306	5.579	8.975	7.32	5.206	0.3113	6.739	3.989	4.057	8.093	7.028	4.271	3.486	6.893	5.542	6.911	6.404
S100A13	11.46	13.87	12.02	10.63	10.66	11.36	10.86	10.41	11.02	11.55	11.55	14.75	10.2	10.46	10.48	10.92	12.09	11.21
S100A14	8.645	4.349	2.409	4.442	3.641	2.164	2.633	10.4	6.486	7.291	6.52	9.859	2.641	2.3	2.342	1.747	7.503	1.594
S100A2	10.97	10.66	7.001	6.089	6.89	5.8	5.101	12.54	7.994	10.99	10.45	12.21	4.082	5.313	4.547	0	8.928	5.649
S100A3	4.371	5.619	8.616	3.146	6.332	4.181	3.681	5.327	3.717	8.212	3.872	9.13	4.849	0	5.404	1.747	3.741	3.86
S100A5	5.277	5.306	4.854	1.272	2.949	2.981	0	3.188	0	0	2.73	8.298	2.893	0	0.8469	0.8986	7.237	2.93
S100A6	14.43	10.75	14.42	11.97	12.79	12.97	12.33	12.09	12.35	12.52	13.89	12.19	12.41	11.52	10.26	12.47	8.882	13.76
S100A7	15.53	6.976	5.953	6.244	6.017	5.451	3.681	15.77	6.348	9.737	12.93	11.15	4.963	4.386	4.182	4.599	7.828	4.764
S100A7A	9.513	4.906	4.597	5.447	4.458	4.43	4.153	7.841	4.884	0.8873	8.19	9.28	3.293	2.3	3.27	4.191	4.84	0.9021
S100A7L2	0	0	0	0	0	0	0	0	0	0	0	0	0	0	0	0	0	0
S100A8	13.7	6.284	9.183	11.63	10.9	6.83	5.296	14.18	7.97	8.62	12.62	9.54	6.953	5.271	8.947	7.361	11.2	9.307
S100A9	14.33	7.663	10.65	12.94	12.18	9.11	7.062	14.56	10.22	9.527	13.47	10.95	8.163	7.334	10.15	9.109	12.46	10.96
S100B	5.277	14.99	14.77	10.78	5.868	7.425	4.792	7.426	10.5	12.99	10.25	14.48	9.374	11.02	5.448	9.435	8.734	12.73
S100P	8.198	0.2619	0	6.362	6.727	3.88	0	8.61	2.308	6.48	8.752	0	0	0	5.984	0	7.083	5.356
S100Z	3.483	3.432	3.883	4.603	5.412	3.702	0.3113	2.919	4.218	2.854	2.494	0	3.741	2.459	2.814	4.068	7.083	4.257
S1PR1	6.732	7.793	6.946	7.798	8.833	8.483	4.012	6.801	7.044	6.942	5.545	11.44	6.321	5.292	5.668	8.062	10.27	7.871
S1PR2	7.496	9.673	9.349	8.341	8.154	7.453	5.926	7.526	7.468	8.096	7.577	9.655	7.873	7.809	7.287	8.141	11.9	6.766
SAA1	7.845	5.306	7.103	7.523	8.605	10.79	6.891	8.225	6.55	7.018	5.924	0	3.293	4.765	2.942	4.843	5.888	8.266
SAA2	7.434	0	4.284	5.82	6.983	6.872	2.186	6.33	5.863	5.304	4.564	0	3.977	2.85	4.376	3.786	6.488	6.719
SDC1	10.65	3.432	7.601	9.241	8.843	4.991	4.704	11.91	10.19	9.481	8.637	7.985	7.147	6.483	7.634	8.6	8.972	8.504
SDC2	8.451	8.659	12.12	10.79	10.8	9.644	7.292	9.291	9.328	9.696	8.943	10.41	8.09	8.615	7.029	8.293	9.057	9.701
SDC3	10.65	12.22	13.93	12.37	10.74	10.87	10.86	10.54	11.11	12.31	12.23	13.28	11.1	10.94	10.04	12.93	12.87	12.59
SDC4	10.58	12.87	11.37	9.549	10.24	9.374	8.656	11.28	10.63	10.5	10.76	14.46	8.919	9.614	9.71	10.93	13.17	10.92
SDHA	9.457	11.56	10.3	10.2	10.33	9.84	8.925	11.09	10.67	12.25	10.25	11.27	9.946	10.41	10.33	10.87	12.92	10.35
SDK1	6.611	7.36	3.327	3.935	7.482	3.88	1.534	6.801	6.273	4.628	2.73	2.94	1.419	3.692	5.923	1.747	7.237	2.693
SELL	6.832	6.602	8.733	8.457	8.285	7.123	5.234	8.95	7.388	7.571	8.3	10.27	9.195	5.507	8.125	8.572	9.421	8.414
SELPG	7.496	6.602	7.492	6.822	8.37	8.284	1.534	8.283	6.418	5.932	4.142	10.47	4.589	3.062	4.182	6.829	11.27	6.535
SEMA3A	6.209	7.181	9.847	8.816	9.448	7.453	7.182	7.261	5.605	6.245	8.028	10.04	4.439	3.926	3.537	5.588	10.52	6.281
SEMA3B	6.35	9.978	12.57	10.14	7.707	7.834	2.186	7.526	9.518	9.259	9.916	12.42	8.59	7.054	8.842	11.62	12.16	11.26
SEMA3C	8.458	9.922	8.78	8.631	10.21	8.22	7.518	8.677	7.978	7.899	9.166	9.859	9.962	7.512	10.81	9.225	10.32	8.007
SEMA3D	7.541	8.552	10.38	8.43	11.18	6.851	5.169	9.354	8.189	10.28	11.55	10.41	6.011	8.522	6.139	8.03	8.627	6.553
SEMA3E	2.882	0.2619	8.749	5.976	5.3	5.334	0.3113	6.78	5.338	4.628	3.66	9.13	1.419	3.558	3.454	2.664	8.882	5.51
SEMA3F	7.23	7.082	4.284	7.077	8.939	8.063	3.25	8.885	7.059	6.664	6.504	7.028	5.26	5.183	6.861	6.956	9.658	6.84
SEMA3G	5.945	7.181	5.839	6.685	7.616	9.751	5.03	7.832	5.758	6.625	3.77	7.584	4.082	2.601	4.506	6.256	10.69	6.025
SEMA4A	7.496	9.172	9.571	7.563	7.628	6.489	5.621	9.309	7.741	6.877	5.8	12.21	7.06	5.313	7.065	8.094	10.97	8.233
SEMA4B	8.051	8.659	8.78	8.324	8.328	6.717	5.886	9.191	8.202	8.25	7.554	7.028	7.252	8.097	9.145	8.544	9.214	8.39
SEMA4C	7.915	9.756	8.219	9.262	8.828	8.434	7.943	8.232	7.656	9.236	9.801	10.47	6.729	8.213	9.303	9.717	11.38	9.908
SEMA4D	8.482	8.515	10.58	8.574	7.975	7.258	6.003	10.8	9.547	8.031	7.96	10.75	9.567	6.106	8.404	9.946	8.172	10.26
SEMA4F	4.871	5.877	3.327	3.342	3.445	3.702	3.25	5.381	4.108	4.846	7.031	9.28	3.459	4.175	5.162	5.632	4.84	6.638
SEMA4G	4.078	7.181	0	4.442	3.641	1.472	1.534	7.139	3.989	4.846	2.212	7.584	2.893	4.605	0	5.495	5.457	3.468
SEMA5A	8.893	6.738	8.733	9.998	8.911	9.242	9.078	9.613	8.261	10.86	11.11	6.11	9.247	11.45	10.42	10.35	12.21	11.1
SEMA5B	4.078	6.862	4.854	5.976	6.245	6.08	5.03	6.488	5.93	5.254	4.221	10.2	4.271	3.247	5.572	4.916	7.728	5.973
SEMA6A	5.204	10.07	4.597	6.22	5.3	6.434	6.363	6.385	7.873	6.502	9.125	0	6.342	6.165	7.796	9.004	8.01	7.348
SEMA6B	6.868	5.877	7.828	7.798	8.356	6.62	3.25	5.582	5.897	6.926	5.197	9.416	4.788	4.305	4.903	7.667	11.71	8.584
SEMA6C	6.113	9.172	5.072	7.171	7.832	6.345	3.25	7.155	6.418	6.893	6.184	10.12	6.162	6.648	6.429	7.104	8.511	6.655
SEMA6D	6.133	9.394	5.839	5.646	6.304	6.717	6.97	6.411	6.441	5.149	8.362	0	6.557	7.066	8.569	6.867	4.84	8.13
SEMA7A	7.695	11.64	11.13	8.241	8.729	6.252	6.988	9.549	8.677	7.947	10.16	12.07	7.626	5.065	8.439	8.561	8.785	9.812
SHFM1	9.838	11.16	11.09	9.838	10.36	10.6	10.26	10.04	10.82	11.04	11.4	13.32	9.172	10.55	10.57	11.56	12.22	10.21
SIGLEC14	3.354	0	3.883	0	4.652	2.164	2.186	2.587	4.95	0.8873	2.494	0	4.589	0	2.942	5.291	0	0
SIX2	1.387	0	0	4.881	5.746	2.63	0	4.076	4.32	4.547	0.7025	7.028	1.419	0.584	3.454	2.969	7.62	6.703
SKIV2L	8.754	10.93	9.086	9.092	9.458	8.724	8.973	8.484	9.236	8.673	8.375	11.56	8.655	8.171	8.625	9.177	11.3	8.8
SLAMF1	5.703	0	7.374	6.407	4.35	4.181	0.3113	8.453	6.247	4.975	5.274	8.298	6.342	4.305	10.49	5.908	9.658	6.193
SLAMF6	5.475	0	6.946	5.489	4.976	3.264	1.534	8.353	6.372	3.803	3.968	0	6.277	0	4.934	6.903	9.885	5.999
SLAMF7	10.69	9.531	11.55	9.83	7.403	11.75	12.27	11.34	11.84	9.265	11.96	9.952	10.23	6.21	9.191	11.12	12.59	10.81
SLIT1	4.078	0	6.89	5.682	2.618	4.43	4.704	6.214	6.167	4.169	4.221	8.963	5.749	3.814	3.762	6.139	6.488	7.104
SLIT2	6.01	6.095	8.811	6.902	9.267	6.405	0	7.709	6.765	6.436	5.197	0	6.113	4.909	2.342	7.945	6.219	7.337
SLPI	9.341	7.793	0	5.404	8.277	5.394	0	10.42	7.713	7.993	8.868	8.555	2.641	5.887	3.06	0	0	10.24
SMAD3	9.638	10.15	9.44	9.201	9.951	9.635	9.307	10.22	9.474	9.646	9.198	9.952	9.345	9.332	9.425	9.717	13.18	9.6
SMAGP	8.549	6.452	8.684	7.077	8.691	7.069	5.296	9.218	6.167	6.844	6.472	9.28	5.347	4.263	6.689	7.195	9.251	8.255
SMURF2	9.687	10.23	10.36	9.268	10.16	9.192	8.176	10.11	9.414	8.925	8.528	10.75	9.581	9.022	9.183	9.529	7.62	9.625
SOCS1	6.554	0.2619	8.826	6.755	8.277	6.185	3.856	8.521	8.908	6.91	6.928	0	7.895	4.305	7.735	7.708	6.911	7.69
SOCS3	8.366	7.36	10.87	9.799	10.97	7.722	5.521	7.954	10.32	8.913	10.54	8.773	7.923	8.944	7.065	10.9	10.36	10.06
SOD1	8.899	9.908	9.328	8.359	7.728	9.571	9.096	8.427	9.739	9.342	8.63	11.4	8.42	9.129	8.74	9.295	10.7	9.119
SORT1	11.71	14.15	11.63	12.2	9.956	12.34	12.62	10.97	11.66	12.77	11.83	13.38	12	12.79	11.24	12.38	13.54	12.75
SP1	8.189	9.123	9.035	9.099	8.828	8.753	7.352	9.661	8.936	9.443	9.151	10.27	8.827	8.27	9.123	9.124	11.37	8.826
SPI1	10.11	8.396	13.21	11.37	11.9	9.992	9.122	12.08	11.87	8.941	8.943	11.34	10.74	8.254	8.985	11.18	9.658	11.12
SPN	5.505	0	8.308	6.362	6.183	5.138	2.974	9.244	7.596	6.523	5.31	10.41	7.35	1.684	8.297	7.719	10.86	7.242
SSTR1	2.683	0	0	0.1722	1.57	3.88	0	4.076	1.15	2.557	0	6.11	2.893	0	2.142	3.786	0	5.51
SSTR2	2.882	0	5.072	3.808	4.106	5.272	0	3.188	4.744	1.676	3.411	8.773	4.18	0	5.288	4.766	7.62	5.51
STAT1	11.05	11.77	12.87	10.76	9.524	12.15	12.42	11.92	12.24	10.75	11.2	14.44	12.1	9.372	12.15	12.16	12.93	11.75
STAT3	11.07	8.355	12.31	11.69	11.72	11.38	10.51	12.41	12.05	11.88	11.26	9.416	11.88	11.71	11.34	12.12	11.56	12.07
SYK	7.681	8.355	9.022	8.301	8.391	6.893	5.234	8.927	8.481	6.585	7.208	11.27	7.537	6.094	5.969	8.555	8.246	8.045
Spry2	10.3	10.1	12.48	11.03	10.11	10.08	10.21	9.35	9.11	11.58	10.93	9.54	10.68	11.58	6.698	10.47	8.01	10.65
Spry4	8.447	12.53	11.42	10.15	9.36	8.442	8.404	6.584	6.691	11.68	10.16	11.15	8.577	10.1	6.166	9.225	10.53	10.4
TACR1	5.565	4.906	5.261	5.489	5.464	6.185	4.281	5.757	4.884	4.37	4.682	9.76	3.977	3.814	4.587	3.621	8.317	5.138
TANK	9.712	12.77	11.08	10.38	10.49	9.485	8.673	11.17	10.27	9.561	9.707	13.17	10.09	9.273	9.731	10.31	8.785	9.896
TAP1	8.776	8.725	10.85	8.961	7.802	10.11	10.33	10.66	10.82	8.852	9.268	11.53	10.33	7.334	9.951	10.45	14.04	9.836
TAP2	8.881	10.02	10.33	9.552	8.777	9.632	8.925	9.93	10.43	9.262	9.723	12.23	9.909	7.36	10.19	9.772	12.69	9.408
TAPBP	10.2	12.04	12.97	11.32	11.07	10.94	10.25	11.61	11.64	10.76	10.02	15.76	11.75	9.366	11.23	11.41	15.13	11.14
TAPBPL	7.949	10.34	10.27	8.524	8.097	7.997	5.803	9.515	8.623	7.993	6.868	12.33	8.71	6.519	8.26	8.882	12.61	8.584
TCF4	8.362	6.602	8.616	8.307	8.98	8.346	4.955	9.818	8.783	7.753	7.168	2.94	7.499	6.736	5.809	9.073	4.84	8.66
TCF7L2	9.187	11.21	8.941	8.832	9.649	9.443	8.87	9.904	9.423	8.407	8.601	10.9	8.435	7.741	8.08	8.738	9.484	8.622
TEC	5.9	7.593	7.332	5.82	6.361	5.708	4.876	7.006	6.112	5.304	4.221	0	5.119	3.692	3.454	5.447	8.928	5.973
TEK	5.989	0	5.072	6.407	7.771	7.71	2.186	6.463	5.433	4.777	3.968	0	4.082	3.247	0.8469	6.626	3.741	6.671
TGFB1	7.904	8.222	10.65	9.731	10.54	8.621	6.675	10.17	9.349	8.913	8.975	13.16	9.427	6.818	8.813	9.774	13.9	9.355
TGFBR1	10.62	12.02	12.12	12.24	11.89	10.5	10.32	11.42	11.31	11.94	11.69	11.92	11.27	10.32	10.78	11.8	14.05	11.49
TGFBR2	10.89	9.95	11.61	10.89	11.47	11.8	8.954	11.68	11.42	10.52	9.738	9.952	10.68	11.03	11.59	12.14	12.77	11.22
TGFBR3	8.198	10.39	8.173	8.165	8.029	8.735	6.392	9.381	7.97	8.639	6.455	11.8	7.085	7.534	7.051	9.957	10.18	8.949
THBS1	12.43	7.793	12.27	14.92	14.85	12.75	11.67	10.06	12.92	10.66	13.81	10.12	10.48	12.02	10.15	13.66	11.93	13.1
THRA	8.189	10.62	8.391	8.353	8.508	8.955	7.884	8.822	8.293	7.931	7.383	8.963	8.599	8.517	9.922	9.779	9.658	9.951
THRB	6.745	9.604	5.839	6.572	7.43	7.698	0.3113	8.72	6.529	7.339	5.03	12.6	5.069	5.451	3.365	7.281	9.251	7.885
TICAM1	8.564	9.834	8.78	8.092	8.527	8.825	8.78	8.704	8.209	8.031	7.679	10.41	7.686	7.114	8.145	8.763	9.453	8.106
TICAM2	8.097	6.284	8.634	8.617	9.311	7.722	7.23	9.112	9.328	8.325	8.155	8.555	8.865	8.492	7.717	9.299	8.246	7.892
TIE1	7.075	9.287	6.497	8.554	9.499	9.004	5.101	7.761	7.131	7.519	6.299	12.94	5.544	5.628	9.961	7.855	11.08	7.769
TIMP1	11.65	13.92	15.74	13.17	14.67	12.71	11.51	12.16	11.21	12.97	12.58	14.08	12.38	11.62	10.25	12.88	14.73	14.09
TIMP2	11.78	13.33	12.51	11.93	12.01	11.65	10.56	11.91	11.96	11.72	10.88	13.11	11.51	11.76	11.95	12.28	13.33	12.33
TIMP3	10.98	13.83	15.79	14.42	12.91	12.66	9.336	11.93	11.5	12.35	13.53	15.77	11.37	11.08	9.737	13.12	13.78	12.57
TIMP4	3.483	0	6.158	5.853	6.052	7.987	4.281	7.216	4.589	3.803	1.86	0	5.506	1.05	3.06	5.052	6.219	4.764
TK2	8.395	9.834	9.263	9.075	9.171	8.747	7.198	9.561	9.19	9.256	9.631	10.34	9.56	9.055	8.229	9.591	8.385	9.493
TLR1	7.369	6.452	9.961	9.414	9.863	7.396	5.845	9.025	9.056	7.106	6.83	10.04	8.943	6.984	7.5	8.379	10.16	8.118
TLR10	5.505	5.877	6.946	5.266	5.828	4.43	4.012	7.452	5.521	4.704	4.437	8.963	7.821	3.247	4.282	6.284	7.728	6.123
TLR2	6.245	4.906	10.57	8.919	9.278	6.851	5.234	8.333	8.756	7.106	7.721	11.67	8.115	6.712	6.698	9.552	11.18	9.03
TLR3	5.78	4.349	6.89	5.787	5.357	7.069	5.169	7.908	7.606	5.763	3.269	0	7.411	5.741	7.505	7.224	7.237	6.238
TLR4	8.423	8.515	10.38	9.664	9.477	8.984	7.097	10.15	9.881	8.733	7.515	10.9	8.827	7.022	7.441	10.3	11.08	9.25
TLR5	5.565	8.076	7.767	6.738	7.306	5.56	2.633	7.963	7.376	4.704	3.872	10.85	6.162	5.09	3.762	7.759	9.016	6.766
TLR6	7.192	6.284	8.941	7.84	8.685	6.08	5.572	8.312	8.396	6.942	5.876	7.584	8.151	6.84	6.734	8.156	8.01	7.69
TLR7	6.856	4.349	9.961	8.494	7.984	7.928	0	9.518	9.288	5.867	5.664	11.72	8.222	6.598	4.464	9.144	11.69	7.455
TLR8	6.745	6.284	9.779	8.253	8.209	6.717	4.792	9.046	8.603	6.139	5.514	10.9	7.806	5.507	6.126	8.11	8.093	7.941
TLR9	5.346	4.349	5.953	5.447	5.702	5.394	2.186	6.153	3.989	5.035	4.624	9.28	5.26	3.754	5.382	5.177	8.511	5.396
TNF	5.241	0	7.453	6.685	6.388	5.451	2.633	8.305	5.184	4.704	6.016	8.773	7.48	2.459	5.288	5.052	8.785	5.138
TNFAIP3	6.959	7.082	9.562	6.855	7.137	7.625	7.518	8.72	8.908	7.651	9.263	9.28	7.677	5.137	7.114	9.174	7.62	8.329
TNFRSF10A	5.312	0.2619	7.152	6.269	6.638	5.451	0	7.386	5.478	4.461	3.541	9.28	7.241	2.731	4.33	5.871	8.972	5.185
TNFRSF10B	9.263	7.913	10.64	10.5	10.52	10.09	10.19	10.24	9.802	9.584	10.28	9.952	9.853	7.845	6.795	9.432	9.908	10.07
TNFRSF10C	4.917	3.432	4.854	7.872	8.02	5.394	0	5.211	7.131	0	5.924	0	4.18	0	7.51	6.139	4.84	6.384
TNFRSF10D	6.052	6.738	7.245	7.773	8.906	6.694	4.281	7.006	6.836	5.727	5.692	10.99	5.347	4.735	4.903	6.939	9.813	7.296
TNFRSF11A	5.412	5.619	7.997	4.525	6.518	5.56	4.012	6.537	3.989	4.975	3.269	8.963	5.65	4.22	4.995	5.397	4.84	5.745
TNFRSF11B	9.544	6.284	8.451	9.9	11.19	6.914	3.25	6.358	5.93	5.833	6.317	7.985	7.072	5.981	3.616	8.595	8.093	8.308
TNFRSF12A	6.97	0	7.735	6.978	8.002	6.185	5.521	4.203	5.433	6.295	6.892	8.555	4.963	5.374	4.282	6.973	7.62	6.883
TNFRSF13B	4.157	0	5.429	3.808	1.57	0	4.281	5.798	4.32	0	1.86	0	5.65	0	3.957	5.796	6.911	5.892
TNFRSF13C	7.434	9.818	6.89	6.384	5.907	4.311	2.974	7.155	6.167	4.846	6.144	9.54	7.644	5.578	7.141	8.141	8.385	6.938
TNFRSF14	9.759	13.39	10.07	9.589	8.868	10.21	10.42	10.39	10.87	11	10.77	12.99	9.618	10	11.51	11.51	10.18	11.51
TNFRSF17	9.575	6.095	8.391	6.629	4.106	4.738	2.186	6.184	8.017	5.799	3.111	8.773	7.775	3.871	7.044	8.611	9.057	8.785
TNFRSF18	5.128	6.284	8.701	6.384	4.558	4.181	0	7.574	5.563	6.054	2.73	11.19	5.984	0	4.871	5.978	11.03	5.615
TNFRSF19	8.679	10.58	12.25	12.05	5.944	7.481	8.037	9.84	8.175	9.24	8.258	11.67	7.979	8.734	5.705	9.207	10.81	8
TNFRSF1A	9.461	9.74	10.48	10.09	10.67	10.13	8.632	9.869	9.288	9.147	9.125	11.19	8.82	8.575	8.094	9.872	10.76	9.242
TNFRSF1B	8.046	7.181	10.59	9.486	9.643	8.878	7.182	10.26	9.259	8.053	8.129	12.03	8.559	6.348	7.695	9.924	12.1	8.925
TNFRSF21	8.972	8.023	11.39	9.527	9.697	8.59	7.044	9.531	9.611	10.17	8.496	9.952	9.376	8.458	9.112	9.121	9.788	10.12
TNFRSF25	0	0	3.883	3.515	1.57	0	0	4.528	3.178	0	2.494	7.985	3.607	0	0.1948	2.969	0	1.594
TNFRSF4	4.078	0	7.492	6.244	5.241	4.991	2.633	6.411	5.129	5.69	3.968	8.298	5.544	2.3	4.129	3.435	10.67	5.51
TNFRSF6B	7.318	10.25	9.159	7.823	10.01	7.241	6.11	8.627	8.168	8.706	8.406	10.95	6.186	6.057	7.956	8.392	10.89	8.588
TNFRSF8	5.241	5.619	7.374	6.293	6.89	5.506	2.974	6.214	5.386	5.304	4.502	8.555	5.347	2.85	4.017	5.495	9.515	5.615
TNFRSF9	3.709	3.432	8.125	4.159	4.233	0	0	7.936	7.074	4.547	4.624	9.13	7.329	1.92	4.965	7.749	8.57	5.649
TNFSF10	8.578	8.175	9.218	8.659	8.444	9.597	7.464	10.77	9.24	7.561	7.707	10.59	8.908	6.153	7.672	9.061	8.834	8.211
TNFSF11	0	0	4.854	2.919	4.976	2.981	4.281	5.485	0	3.494	0.7025	7.028	3.459	3.062	3.616	2.969	6.219	4.341
TNFSF12	8.999	9.047	10.45	9.572	9.509	9.882	8.532	10.08	10.06	8.972	9.091	10.99	9.132	8.749	10.11	10.9	12.74	10.18
TNFSF13	5.379	4.349	7.601	6.116	6.086	5.451	5.521	6.82	5.683	5.963	7.158	6.11	5.749	4.425	7.008	6.169	6.911	5.863
TNFSF13B	7.496	5.877	10.61	9.086	8.285	8.413	6.911	9.699	10.24	9.614	7.168	7.985	9.953	7.25	8.012	9.813	6.911	9.155
TNFSF14	3.994	6.452	6.419	7.091	5.658	5.066	0	7.452	5.644	3.803	5.664	10.27	5.65	3.692	3.691	5.052	9.574	4.99
TNFSF15	5.9	6.738	8.701	7.621	7.153	7.05	6.11	8.262	8.032	6.219	6.725	9.952	7.421	7.838	6.339	8.36	8.57	7.285
TNFSF18	3.994	4.349	6.158	4.525	2.949	4.642	3.481	4.71	6.801	3.1	3.111	0	4.658	2.459	2.673	4.191	5.457	4.568
TNFSF4	7.488	8.789	10.07	9.345	7.348	6.569	5.845	7.304	8.891	6.86	8.548	10.95	7.499	6.743	6.932	7.238	9.658	8.026
TNFSF8	3.213	0	6.57	5.946	5.868	3.88	2.633	7.261	6.348	3.936	3.269	0	4.589	2.601	4.626	6.81	5.457	5.999
TNFSF9	6.463	8.659	6.57	6.992	6.871	6.252	5.845	6.971	7.265	6.054	7.966	8.963	6.628	4.937	6.192	7.487	9.214	7.14
TP53	9.659	12.11	10.1	10.28	10.1	10.13	10.14	10.72	9.552	10.13	9.866	12.45	9.765	9.043	8.257	10.26	10.53	9.074
TRAF3	8.958	9.908	10.61	9.289	9.36	8.596	8.459	10.13	9.22	8.58	9.354	8.773	9.648	8.283	9.356	9.14	8.246	10.06
TRIM22	8.066	11.02	10.6	9.567	9.072	9.716	7.132	10.57	9.604	8.396	8.234	14.49	8.883	6.007	9.662	9.651	14.04	8.651
TRIM27	9.033	8.789	8.563	9.197	9.11	9.425	9.51	8.782	9.045	8.783	9.448	10.2	9.169	8.636	9.218	9.045	8.246	8.597
TRIM46	3.994	8.175	5.579	5.113	4.823	5.334	5.572	5.838	5.338	3.803	4.682	9.859	5.069	4.463	6.743	5.978	9.658	6.147
TRIM5	7.211	10.26	8.173	7.419	8.002	8.537	8.134	8.016	7.423	7.66	7.499	9.952	8.045	7.827	8.855	8.467	7.083	7.317
TRIM69	3.709	0	5.429	1.888	0	2.63	3.481	5.084	3.717	0	2.212	0	2.893	0	3.06	3.934	0	0.9021
TRPC4AP	10.2	11.97	10.98	10.52	10.63	10.43	10.25	10.49	10.48	10.16	10.77	12.6	10.1	9.757	10.39	10.51	12.81	10.6
UBR1	7.654	10.53	8.955	8.677	8.617	8.413	7.962	8.592	7.873	8.407	8.67	10.27	8.465	8.014	8.554	8.392	9.251	8.308
UBXN1	6.653	7.442	6.337	7.05	7.231	5.927	5.965	7.413	6.247	6.436	4.624	8.555	6.663	6.082	6.707	6.81	9.098	6.687
ULBP1	3.811	0	2.409	5.113	4.106	4.039	3.481	4.622	4.884	0	3.66	8.963	4.439	1.05	0	2.969	7.828	4.421
ULBP2	3.709	6.284	3.883	5.608	6.304	3.264	3.681	5.084	4.108	4.057	4.437	9.416	4.788	2.3	3.762	4.843	8.734	4.701
VCAM1	7.96	6.862	11.36	9.054	10.65	8.463	5.76	10.58	9.599	8.663	8.46	7.028	10.57	10.31	7.648	11.65	7.922	9.161
VCAN	9.358	8.476	10.23	11.86	12.5	8.999	7.114	9.214	10.18	9.14	9.681	9.54	8.839	9.295	7.079	9.813	14.61	10.03
VEGFA	9.249	10.04	10.15	10.5	12.57	9.84	10.68	10.95	9.892	11.29	11.3	11.78	9.449	11.13	11.72	11.2	12.9	10.31
VIM	6.113	6.284	6.64	6.552	5.788	5.506	5.669	5.715	6.571	6.459	6.204	6.11	4.725	5.942	7.107	4.599	8.01	6.517
VTN	1.387	5.306	5.429	4.525	3.967	1.472	0.3113	4.203	4.416	0	2.73	8.773	2.337	0	3.895	6.791	6.488	4.701
WNT5A	7.797	7.181	6.25	7.105	9.167	5.8	4.792	9.236	7.795	6.683	8.908	7.584	6.882	6.045	4.934	7.361	9.057	7.92
XCL1	3.6	4.349	4.284	5.166	5.702	4.738	0	5.914	5.184	2.854	0	8.298	4.439	3.558	4.626	3.435	7.728	3.741
XCR1	4.232	5.306	6.337	4.678	5.412	4.991	4.508	7.386	6.023	5.613	1.394	8.773	4.658	2.459	4.129	4.305	8.511	6.025
Xbp1	11.5	11.93	12.74	11.65	10.55	10.54	10.11	9.744	10.63	10.12	10.6	16.08	10.14	9.281	10.85	11.33	16.04	11.49
ZAP70	7.034	8.552	9.869	8.184	7.482	5.843	3.856	10.66	8.268	7.227	7.265	11.83	8.522	2.96	8.477	8.768	9.837	7.761
ZC3HAV1	10.25	10.88	11.05	10.15	10.22	10.44	10.44	11.05	10.21	9.985	10.79	11.92	10.11	9.112	11.1	10.97	12.11	10.23
