1	3	4	7	9	16	19	24	40	47	2	19.1	26	43	45	49	50
ACO2	9.227	10.9	9.452	10.44	10.31	10.48	10.38	10.18	10.7	10.13	10.71	10.26	11.03	10.15	10.39	10.29	10.82
ACTB	15	17.27	14.14	15.84	15.74	15.44	14.66	15.85	15.46	15.85	14.57	14.39	15.67	15.19	15.22	15.34	15.32
ACVR1C	5.192	7.115	4.615	5.438	7.316	8.698	6.324	6.277	4.872	7.138	5.314	5.081	2.016	6.354	7.181	2.578	6.48
ACVR2A	7.494	9.328	8.536	9.261	9.437	7.716	7.401	7.846	8.119	7.27	7.737	6.867	7.705	8.314	8.257	7.592	7.876
ACVR2B	9.559	6.968	8.095	6.13	6.236	7.133	7.189	6.71	8.374	7.352	6.692	6.321	8.043	4.811	7.664	6.191	8.941
ADA	6.425	7.903	7.864	6.86	7.867	7.795	7.308	8.884	7.852	7.85	6.783	6.462	7.188	7.605	7.703	7.141	7.426
AIM2	3.737	9.372	3.442	8.525	8.5	10.21	4.721	10.17	5.23	10.88	7.441	4.223	7.671	3.444	8.828	7.862	7.646
ALAS1	8.372	10.02	8.371	10.15	9.807	9.123	8.755	9.473	9.048	9.854	8.843	8.547	10.43	8.371	9.583	9.16	10.31
ALCAM	5.073	9.811	8.438	9.982	9.638	8.481	8.047	9.367	6.099	9.05	8.098	7.509	8.173	5.99	8.888	8.478	10.52
AMICA1	6.437	11.74	6.258	12.34	12.68	7.748	7.582	12.65	7.542	11.75	8.375	7.311	6.618	6.354	9.38	9.912	8.444
AMIGO1	5.073	5.24	3.878	5.438	6.033	3.753	4.416	5.074	2.855	3.897	4.662	3.924	0	2.148	4.318	2.578	2.975
AMIGO2	6.691	9.551	3.551	8.737	9.036	5.684	5.282	9.325	5.662	9.302	5.953	5.433	8.984	8.149	9.38	8.131	7.526
AMIGO3	4.085	0	2.414	4.06	5.663	1.494	0.8137	4.777	3.82	0	0	1.223	3.543	1.191	1.782	4.1	3.186
ANGPT1	10.57	9.43	9.057	6.734	7.773	7.019	7.086	7.619	4.612	8.497	7.149	7.509	5.026	7.846	7.89	6.513	6.613
ANGPT2	8.786	8.763	8.049	8.16	7.927	7.956	7.294	8.018	6.375	7.748	9.334	6.755	5.817	9.129	8.238	8.162	7.757
ANGPT4	0	2.07	0	3.833	5.515	0	1.707	5.243	1.922	5.04	2.591	0.2232	0	0.2739	2.919	2.578	3.369
AOC3	7.754	10.83	5.491	6.976	7.985	6.383	7.138	9.502	6.761	10.14	6.857	7.92	6.218	8.07	8.376	8.256	8.06
ARG1	3.045	7.371	2.628	11.83	7.019	6.403	6.542	5.53	2.855	5.535	4.287	1.223	2.321	0	4.104	2.309	2.432
ARG2	3.48	4.607	5.659	5.355	5.35	7.045	3.734	4.982	4.528	4.937	5.51	0	3.286	4.435	6.579	5.411	3.186
B2M	13.83	17.75	14.22	18.04	18.15	16.45	15.11	18.03	14.7	18.47	17	15.08	16.75	13.96	16.81	17.2	17.61
BATF3	3.279	4.607	4.615	6.13	7.125	0	3.734	5.824	1.27	6.058	4.137	2.393	3.42	4.696	5.188	4.601	4.652
BCAM	7.404	8.891	5.407	8.354	7.636	5.616	7.189	7.779	7.727	7.808	6.566	6.793	5.521	7.749	6.579	6.722	6.995
BCAN	5.405	0	1.47	0	0	5.929	2.53	0	9.74	0	5.205	3.13	9.217	9.759	0	6.414	0
BECN1	9.752	11.38	9.684	11.15	10.69	10.56	10.23	10.58	10.05	11.3	9.978	10.24	10.05	9.264	10.72	10.11	10.53
BGN	9.36	13.59	8.526	8.745	10.25	8.975	8.774	10.37	8.129	9.923	7.999	8.226	7.13	10.49	9.618	9.647	9.168
BID	7.783	8.493	9.194	9.244	9.555	8.731	7.484	9.367	6.798	8.729	8.503	6.86	6.547	8.294	8.555	8.503	9.332
BMPR1A	12.8	9.821	8.126	9.897	9.262	8.909	8.395	9.663	10.03	9.899	8.284	8.381	9.34	9.09	9.213	8.261	9.722
BMPR1B	4.145	8.02	6.828	5.794	7.175	7.764	7.184	6.277	3.106	7.733	5.812	3.867	0.2502	6.373	6.826	3.918	7.153
BMPR2	9.503	10.79	8.285	9.821	9.565	10.33	10.77	9.188	9.231	9.782	8.911	10.5	9.258	9.208	10.19	9.603	11.87
BST2	12.32	13.94	11.47	13.66	13.39	13.28	12.21	13.5	13.4	13.65	13.89	12.64	11.08	10.91	13.82	13.12	13.85
C3	3.814	13.3	0	10.09	11.8	8.862	8.723	11.61	6.024	11.56	8.818	9.384	9.174	6.778	11.78	10.97	11.25
C5	6.542	6.407	4.564	6.403	6.495	4.664	5.062	6.425	5.001	6.324	4.716	4.778	5.108	5.357	4.504	5.605	4.85
CADM1	10.23	8.951	7.614	8.769	9.128	8.528	9.046	8.94	4.729	9.281	7.11	8.391	8.569	6.913	8.507	7.056	9.801
CADM2	4.312	6.804	3.324	5.73	7.867	3.987	4.029	6.651	2.55	6.283	5.314	1.545	4.037	4.202	5.61	4.972	5.32
CADM3	1.964	7.248	0	7.768	5.515	4.853	4.115	7.369	4.244	6.441	4.486	5.005	0	5.534	6.06	7.077	5.274
CADM4	8.229	7.311	7.326	6.89	6.236	5.684	5.966	5.655	4.802	6.106	6.927	5.268	4.696	6.75	7.731	7.353	6.613
CALR	13.29	15.57	13.49	14.27	14.41	13.59	13.62	13.84	13.45	14.08	13.86	13.18	14.14	13.36	14.94	13.92	14.65
CANX	12.37	13.69	12.74	12.97	13.42	11.81	12.51	12.99	13.99	12.65	13.29	12.13	13.22	12.33	12.97	12.79	12.92
CARD11	3.814	8.52	1.47	8.878	8.288	4.594	4.029	9.477	3.217	8.881	3.439	3.393	4.118	4.572	5.835	6.651	5.488
CASP1	6.461	10.93	6.46	10.64	10.99	10.45	7.773	10.8	6.771	11.09	9.041	6.816	8.793	6.061	10.47	10.09	12.8
CASP3	9.164	9.485	8.684	10.52	10.61	9.812	9.663	10.73	9.756	10.96	10.06	9.555	10.02	9.146	10.78	10.34	10.29
CASP4	8.658	10.92	8.681	10.96	10.37	8.747	8.473	10.6	6.734	10.62	8.896	8.329	6.604	7.427	10.69	9.593	9.742
CCBP2	2.913	8.093	0	7.405	6.645	5.616	4.995	6.621	5.333	4.1	4.214	4.352	0	5.862	5.437	2.309	3.186
CCL1	1.964	5.24	0.5772	6.079	6.844	0	2.864	5.32	0	4.579	4.214	0	0	0	3.547	3.593	0
CCL11	3.045	9.687	3.196	4.848	7.524	5.349	3.734	6.425	2.71	6.802	5.447	4.268	4.404	4.284	9.179	5.692	7.036
CCL13	3.737	11.12	4.309	10.36	8.144	5.812	6.462	7.779	6.724	7.572	6.061	8.473	2.973	8.149	8.457	8.062	7.202
CCL14	6.187	11.12	3.385	8.943	7.805	6.254	5.943	9.372	5.381	9.476	4.357	7.531	0	6.316	7.531	5.446	7.049
CCL15	7.829	10.11	7.669	8.457	9.239	7.741	5.7	7.885	6.966	8.908	7.614	5.056	6.739	8.076	7.477	6.591	7.273
CCL16	0	5.857	2.162	4.722	7.271	0	2.094	5.824	0	5.309	3.439	3.223	2.321	1.748	1.045	1.547	0.7623
CCL17	4.462	5.857	2.525	9.844	7.74	6.644	4.721	7.959	4.872	6.106	4.913	6.177	5.742	4.115	5.8	5.479	3.369
CCL18	5.568	14.54	10.48	11.2	14.43	8.319	10.81	10.26	9.566	10.94	10.07	11.27	6	8.284	12.98	13.53	11.71
CCL19	3.045	9.843	0	10.77	8.46	6.088	4.196	9.198	4.345	10.07	4.818	3.808	2.321	4.505	9.076	6.396	4.721
CCL2	6.128	11.59	6.425	10.15	10.23	8.519	8.229	11.46	7.63	10.47	9.118	5.633	6.237	7.975	10.67	11.22	9.278
CCL20	4.837	6.804	4.95	6.829	7.563	6.88	5.794	6.899	4.571	6.241	5.627	5.2	3.543	2.148	8.837	6.325	9.687
CCL21	1.293	11.67	0.9398	10.65	5.663	6.923	5.337	9.555	2.986	7.822	4.423	4.433	2.572	1.748	7.396	6.379	4.245
CCL22	3.737	8.057	2.525	10.37	7.706	4.091	3.937	7.897	0.04717	5.535	0.2693	3.808	3.138	4.696	5.014	4.717	4.245
CCL23	0	6.288	4.484	4.428	5.92	0	0.3283	2.15	0	4.278	1.648	2.031	0	0	4.414	3.327	3.186
CCL24	3.383	4.607	5.82	4.582	4.006	3.987	0	6.068	0.7841	1.87	2.591	1.223	3.42	0.2739	0	0.9304	2.058
CCL25	2.766	5.24	0	4.848	6.236	3.312	0	4.538	1.632	4.436	2.34	0	2.016	2.719	3.16	1.978	2.432
CCL26	3.167	4.141	0.5772	3.233	5.663	3.128	3.292	3.896	2.855	3.379	2.805	3.223	0.2502	3.294	4.817	3.71	2.058
CCL27	3.737	4.958	1.857	10.38	4.949	5.929	6.94	2.15	2.71	0	0.2693	0	1.098	2.461	0	0.9304	0
CCL28	5.936	6.619	9.631	7.847	8.093	8.049	9.275	7.474	9.981	8.853	9.82	8.913	10.52	9.808	10.25	10.43	8.64
CCL3	6.35	9.821	7.181	9.443	11.03	9.652	7.773	11.25	7.317	10.86	9.217	5.13	7.637	8.869	9.838	10.16	9.518
CCL4	6.201	10.75	6.004	11.41	10.28	7.833	6.056	11.85	6.867	11.8	8.009	5.177	7.477	5.78	8.892	9.517	9.278
CCL5	6.311	12.28	5.046	12.57	11.98	9.639	7.223	14.44	7.915	13.14	8.931	6.462	8.274	6.976	10.21	10.46	10.41
CCL7	3.886	7.115	3.701	5.856	5.92	4.522	4.636	6.681	5.405	5.535	5.167	3.808	5.295	5.017	6.06	6.431	4.579
CCL8	4.312	9.485	3.747	8.084	8.194	7.121	5.373	10.53	6.128	9.031	8.362	2.545	5.026	5.466	8.775	10.53	7.891
CCR1	5.248	11.33	5.925	9.992	10.54	7.658	7.075	9.979	6.966	9.08	7.971	6.633	6.646	6.428	9.497	9.921	8.984
CCR10	5.654	7.183	6.555	5.073	6.033	4.365	2.864	5.655	5.962	6.283	6.665	3.223	6.042	8.018	4.215	8.011	2.729
CCR2	3.383	7.371	2.293	8.661	9.527	6.011	4.346	9.648	4.612	8.575	6.459	4.268	2.973	4.811	8.607	6.763	7.128
CCR3	4.554	6.714	3.653	6.559	7.524	3.621	2.761	6.315	3.106	5.464	4.662	1.808	3.543	3.704	4.104	4.183	3.811
CCR4	4.145	6.714	2.162	8.427	7.898	4.279	3.561	7.737	0.04717	6.364	3.878	2.924	0.2502	4.505	5.61	5.018	4.422
CCR5	4.462	9.589	3.127	9.136	9.565	7.488	5.125	11.11	5.381	10.02	7.11	4.615	5.792	4.284	8.364	8.006	8.253
CCR6	0	6.407	0	7.23	7.019	3.128	1.466	6.023	0	5.464	3.439	0.8081	0.2502	0.2739	4.669	4.336	4.148
CCR7	2.42	6.015	0	7.384	6.033	4.911	2.094	6.767	0	6.549	3.878	1.223	0	4.361	7.563	4.012	3.811
CCR8	3.279	7.043	0	6.919	5.663	3.875	3.433	6.277	0.7841	6.283	3.878	2.545	2.016	1.191	5.293	4.1	3.678
CCRL1	4.8	10.52	3.92	9.742	8.218	6.88	6.758	7.422	5.176	7.311	7.058	5.223	4.195	6.107	7.477	5.878	8.684
CD109	4.762	9.027	6.087	7.906	6.963	8.992	7.571	7.255	5.357	7.702	6.327	6.683	8.727	5.965	7.804	6.513	9.872
CD14	8.642	13.98	9.305	12.97	13.24	9.74	9.753	13.03	10.04	12.43	10.33	9.81	9.111	9.282	12.08	12.25	10.78
CD19	2.766	7.183	2.814	4.965	8.265	3.128	1.913	8.792	7.396	8.154	4.768	0	2.572	4.115	4.589	7.088	2.975
CD1A	2.42	0	0	8.322	0.3051	2.001	4.072	5.243	1.27	0.4911	2.805	0	0	0	2.63	2.578	3.532
CD1B	0.7856	0	0	7.651	5.797	0	1.913	4.777	0	4.278	2.805	1.808	2.786	0	3.708	0	2.058
CD1C	0	5.679	0	7.921	6.327	0	3.839	6.526	0	5.669	3.157	2.223	0	3.126	3.367	3.327	0
CD1D	3.814	2.07	4.538	5.173	6.033	4.188	2.864	7.508	4.652	7.115	4.866	3.924	3.656	3.58	4.952	6.23	4.968
CD1E	3.279	6.288	0	7.736	7.636	2.918	3.734	7.369	0.04717	5.849	3.675	0	3.859	0	3.983	0	3.811
CD200	9.418	9.925	6.871	7.752	8.5	7.497	7.726	9.703	6.457	9.896	6.916	6.118	9.951	5.835	9.113	9.549	8.622
CD200R1	0	5.857	0	5.662	6.414	0	0	6.821	0	6.649	0	1.808	0	0	0	4.717	4.85
CD209	5.501	11.06	6.767	8.687	9.725	6.711	6.647	9.213	6.724	9.15	8.138	8.518	4.404	7.987	9.016	8.354	8.2
CD22	5.009	8.196	6.175	8.477	10.61	6.32	6.11	9.023	6.07	8.47	7.926	4.031	2.321	4.865	6.62	6.576	6.48
CD244	1.667	5.679	2.525	7.524	7.019	4.594	3.937	9.399	5.863	8.263	5.836	4.177	3.42	0.2739	5.241	7.63	5.448
CD247	4.462	8.466	4.037	9.516	9.009	7.108	5.062	11.03	5.23	10.43	7.005	4.311	4.748	5.466	7.299	7.953	7.307
CD274	4.259	8.74	4.59	9.526	8.719	6.88	4.748	9.367	5.12	9.543	7.089	4.393	6.92	3.294	8.205	8.29	8.04
CD28	4.259	6.288	5.362	9.098	7.073	5.17	4.901	8.556	4.135	8.818	5.884	4.177	2.572	6.446	6.426	6.607	6.094
CD34	8.889	10.71	6.266	9.692	8.833	8.003	8.049	9.678	7.366	9.581	6.939	7.951	6.604	9.564	8.405	7.723	8.403
CD3D	4.943	10.77	4.847	11.86	11.07	8.452	6.682	12.97	6.586	12.56	8.937	6.452	6.942	6.236	9.304	10.2	9.875
CD3E	4.312	10.25	3.747	10.59	10.11	7.641	5.931	11.89	5.405	11.44	7.401	5.563	6	5.862	8.327	9	8.743
CD3G	4.085	10.07	3.324	11.16	10.36	7.216	5.741	11.97	5.775	11.67	7.564	5.649	5.841	4.918	8.257	9.097	8.514
CD4	5.568	12.41	7.28	10.96	12.34	8.467	7.786	11.39	7.804	11.26	9.444	7.978	8.139	8.78	9.939	11.34	9.326
CD40	7.199	10.96	8.222	10.35	10.03	8.596	6.892	10.69	9.856	10.17	8.69	6.867	7.446	8.274	9.533	9.515	8.529
CD40LG	4.021	7.637	1.47	6.522	7.224	4.522	3.364	6.315	1.632	6.441	3.439	0.8081	0	4.865	3.708	3.71	0
CD44	9.645	13.61	13.05	14.32	12.77	12.54	13.41	12.63	14.11	13.42	12.83	12.59	13.16	13.6	12.62	11.61	12.76
CD45R0	6.113	12.67	7.941	13.1	12.99	9.708	8.854	14.04	8.711	13.36	11.4	8.504	9.2	7.682	11.43	11.81	11.57
CD45RA	0	10.28	0	7.405	7.837	4.793	2.761	8.89	0	7.466	2.805	2.683	0	3.126	5.764	6.043	3.678
CD45RB	5.009	10.54	5.622	11.06	10.57	7.337	6.453	10.87	5.662	10.59	7.868	6.246	5.841	6.038	9.266	9.213	8.684
CD48	4.259	9.767	5.671	10.86	10.27	8.372	6.791	11.23	5.897	10.82	8.302	5.373	6.218	5.154	8.989	9.237	9.029
CD68	6.473	12.92	8.517	10.14	12.42	11.27	8.657	11.7	9.517	11.44	9.095	8.711	8.507	8.624	10.28	11.04	10.63
CD70	4.414	5.24	3.055	6.027	6.572	3.621	2.399	5.824	4.19	6.583	3.97	3.471	0	5.064	5.014	4.772	3.369
CD72	2.604	8.162	4.246	5.794	7.271	6.574	4.115	8.649	6.197	8.497	6.881	4.081	5.69	2.461	6.305	6.694	7.34
CD74	10.48	16.32	10.3	15.59	16.78	13.14	12.36	16.44	12.34	16.03	12.87	12.12	12.81	11.02	14.24	14.46	14.24
CD79A	3.657	7.043	1.857	6.86	11.85	3.474	4.156	10.79	5.257	10.15	4.662	3.978	3.761	4.505	6.736	7.482	6.702
CD79B	0.7856	4.607	6.233	5.73	7.485	2.672	0	6.794	2.369	7.043	6.256	2.031	0	2.461	4.215	4.407	0
CD80	4.085	7.903	4.399	8.608	8.5	6.185	3.364	8.952	4.766	8.442	6.219	2.031	4.467	2.937	6.254	7.044	7.036
CD81	11.14	13.92	13.91	12.59	14.17	14.2	13.2	14	14.02	13.61	13.97	12.73	12.89	12.56	13.11	13.99	14.23
CD86	4.414	9.498	5.659	8.058	9.823	7.389	6.171	9.644	5.829	9.167	8.138	5.991	6.181	5.238	8.393	8.727	8.885
CD8A	6.461	10.11	3.653	12.13	10.72	9.417	6.171	13.25	6.99	13.29	8.825	6.342	7.523	6.316	8.696	9.428	9.74
CD8B	5.163	9.099	2.414	9.798	9.116	7.337	4.949	11.44	5.257	10.6	6.796	4.268	5.259	4.505	6.736	7.151	6.923
CDH1	4.762	9.43	1.677	12.4	8.817	11.22	12.46	5.53	13.12	11.02	3.562	10.96	13.16	3.818	11.43	1.547	5.228
CDH2	9.656	4.958	8.804	0	0	2.672	3.889	7.508	0	5.957	6.745	6.166	7.855	7.071	5.968	7.836	8.893
CDH3	7.511	6.517	8.028	10.19	3.475	10.24	5.584	5.594	9.417	8.506	8.815	5.289	9.627	7.024	9.278	9.037	9.307
CEACAM1	3.814	0	4.309	2.185	3.475	10.48	6.549	5.32	8.374	7.538	4.662	6.373	7.188	2.148	9.91	3.593	6.44
CEACAM16	2.42	2.07	1.47	4.582	6.138	1.494	0	4.253	1.922	3.897	0	0	2.572	2.719	1.782	2.578	2.975
CEACAM19	5.754	4.141	0	5.267	4.393	2.375	1.913	5.464	4.439	3.379	3.157	2.223	4.799	2.937	2.919	2.805	2.729
CEACAM20	3.167	0	0	3.564	6.236	2.672	0	4.777	0	0	0	0	0.2502	0	1.782	0	0
CEACAM21	6.437	6.517	3.055	6.947	7.773	3.474	3.433	7.792	2.986	7.733	5.314	3.393	0	2.719	5.727	6.108	4.579
CEACAM3	2.21	6.158	0	1.086	0	2.001	0	0	0.7841	0.4911	0	0	0	3.126	0	1.547	0
CEACAM4	4.203	7.732	0	7.003	6.495	2.001	0	6.425	2.163	6.008	3.439	4.649	0	2.719	5.8	2.309	0
CEACAM5	2.21	0	1.47	5.591	7.019	3.621	0	5.161	5.032	3.897	2.591	0.2232	0	0	0	2.578	3.532
CEACAM6	3.886	6.517	2.018	5.915	7.563	5.262	0.3283	5.77	3.507	5.135	5.314	0	0	3.58	3.983	3.001	0
CEACAM7	4.312	5.679	0.9398	5.355	6.414	0	0	5.394	3.507	5.464	4.357	0	0.2502	2.937	3.547	3.466	0
CEACAM8	3.737	6.015	1.229	4.848	6.963	0	0	5.594	3.82	4.708	4.137	0	0	3.444	0	0	0
CELA1	4.509	5.679	2.293	6.079	7.706	0	0	5.877	2.163	5.669	5.278	0	0	4.811	4.104	5.635	3.532
CERCAM	10.04	12.42	9.186	9.582	10.14	10.57	9.534	10.15	10.09	10.94	10.02	9.148	8.385	10.91	10.97	9.827	10.16
CERK	9.225	8.828	7.824	9.311	9.656	9.511	8.77	9.973	9.932	9.808	9.13	8.248	9.7	8.539	9.68	9.073	11.21
CHIT1	4.203	12.25	2.724	15.16	13.81	5.812	8.823	9.283	6.314	9.425	5.348	5.311	2.973	3.924	5.689	7.983	8.033
CHL1	9.777	6.968	0	6.559	6.327	8.862	6.791	6.315	0	4.937	6.916	3.471	5.186	3.294	5.188	3.466	9.702
CHUK	10.4	10.51	9.026	10.49	10.6	10.08	8.821	10.16	9.741	10.8	9.364	8.747	10.05	9.815	10.41	9.763	9.803
CIITA	4.943	10.29	4.11	11.12	10.85	7.732	6.11	10.52	6.128	10.93	8.062	6.739	7.16	5.466	8.296	8.331	8.408
CKLF	10.47	7.183	6.587	8.123	8.012	7.459	6.51	8.884	5.662	7.892	7.28	5.896	6.997	6.66	7.972	7.182	7.61
CLEC4E	4.682	11.19	4.538	11.95	9.7	6.821	4.072	8.988	6.009	8.107	6.623	6.723	4.643	5.43	8.238	7.622	8.027
CLEC4M	4.414	6.288	0	3.233	6.963	1.494	0	5.161	0	4.937	1.648	0.2232	0	3.444	3.983	3.818	0
CLEC6A	2.42	3.449	0	6.179	5.35	0	0	3.42	0	4.579	2.035	0	0	0	3.983	0	2.058
CLEC7A	6.437	11.08	6.453	12.19	12.06	8.476	7.601	11.06	7.378	11.41	8.733	7.723	7.831	6.373	9.68	10.3	9.601
CLTC	10.51	12.92	11.54	11.55	12.43	11.79	11.97	12.01	12.58	11.87	11.84	11.83	12.62	11.12	12.74	12.37	12.32
CMA1	0	7.248	0	6.227	5.163	3.987	5.538	5.464	0	4.278	0	4.433	0	3.444	4.952	4.262	4.044
COX5A	10.44	11.34	11.07	11.42	11.45	11.35	11.44	11.11	11.6	11.25	11.77	10.82	11.76	11.11	12.23	11.23	11.9
CR1	6.083	11.19	7.02	8.729	10.54	6.341	6.855	9.606	6.982	9.297	8.514	7.559	3.286	7.659	10.53	10.02	7.992
CR2	0	5.476	0	5.438	5.163	1.494	0	6.277	0	3.379	0	0	2.321	0	3.852	2.309	1.551
CRADD	10.55	7.862	7.523	7.8	7.636	8.118	6.992	7.457	8.09	8.035	8.588	6.442	5.767	6.582	8.946	7.067	11.61
CRP	4.085	6.888	2.293	5.662	7.271	4.279	0	5.927	2.986	5.224	5.087	0	2.973	4.865	4.215	3.593	0
CSF1R	7.465	11.98	7.657	11.22	11.33	9.038	8.387	11.71	7.92	11.21	9.629	8.699	8.038	8.449	10.68	10.5	9.779
CSRP1	11.65	12.01	9.508	9.999	10.45	10.76	11.11	9.858	10.13	10.33	10.3	11.55	10.84	10.11	10.56	9.699	10.75
CTLA4	4.873	9.602	4.989	10.47	8.649	10.43	5.858	11.17	5.428	11.42	7.564	5.509	5.663	5.94	10.28	7.936	9.111
CTNNB1	13.12	14.5	12.75	12.51	12.59	12.63	14.29	12.93	14.17	13.36	13.15	14.15	15.16	11.62	13.83	12.85	15.62
CTSB	11.89	17.24	11.93	14.77	16.01	13.96	13.89	15.42	13.96	15.42	14.11	13.3	13.09	12.48	15.32	15.53	15.72
CTSE	4.259	6.407	2.628	4.428	7.125	3.987	3.051	4.982	4.017	4.708	4.056	2.031	2.973	4.023	4.817	3.466	3.369
CTSG	4.312	8.493	0	8.737	7.073	5.262	5.781	6.847	0	5.464	2.992	5.154	0	5.501	6.174	5.148	2.432
CTSL1	7.616	14.08	11.3	10.62	11.74	10.98	10.69	11.23	11.39	11.09	11.4	10.61	10.28	9.428	12.43	12.6	11.46
CTSS	8.415	15.9	10.29	14.99	16.33	11.73	11.47	14.85	10.96	14.72	13.16	11.3	10.75	10.06	13.42	14.32	13.17
CTSV	5.524	6.158	1.229	6.273	6.495	4.279	2.864	5.394	3.672	4.579	4.768	0	4.94	4.865	3.983	3.173	0
CX3CL1	6.66	8.763	4.564	9.13	7.524	7.216	7.979	7.235	6.798	8.01	7.636	5.823	9.599	4.115	6.515	7.202	6.48
CX3CR1	5.477	7.903	3.498	8.477	8.879	5.984	4.949	7.066	5.473	7.115	6.274	2.808	6.713	4.918	7.167	5.692	7.153
CXCL1	4.414	8.02	5.925	6.766	8.419	9.454	8.545	7.541	6.25	9.577	7.504	9.319	5.068	6.792	10.51	11.03	8.253
CXCL10	6.681	11.16	7.058	11.93	10.41	10.95	7.688	12.24	7.22	14.14	10.8	7.576	10.33	5.889	10.77	11.71	11.3
CXCL11	11.35	9.577	4.803	10.13	9.179	9.577	5.858	10.5	6.17	13.02	9.357	5.49	8.836	5.154	8.672	8.992	9.742
CXCL12	8.623	14.6	7.553	13.24	13.41	9.954	10.39	13.62	8.38	13.7	10.03	9.824	8.134	9.073	11.96	11.35	11.51
CXCL13	0.7856	5.857	0	5.267	6.905	6.423	1.707	9.119	2.369	9.738	6.237	3.031	5.223	1.748	7.408	6.021	7.456
CXCL14	5.104	14.28	3.747	15.27	12.48	11.5	11.63	11.63	9.074	13.28	10.5	11.37	2.973	10.15	12.92	7.38	11.85
CXCL16	6.051	11.76	6.574	9.922	11	7.885	7.799	10.48	7.493	9.875	8.041	7.234	7.365	6.806	9.618	10.19	9.568
CXCL17	1.293	0	0.5772	4.965	6.327	2.375	0	5.161	0	5.731	2.992	0	0	2.148	3.852	3.71	0
CXCL2	4.682	7.637	7.5	10.18	9.077	5.956	6.88	8.075	6.07	8.263	7.737	5.991	6.181	7.295	9.934	10.02	9.082
CXCL3	5.248	7.82	6.535	9.848	8.769	4.445	5.7	7.679	6.457	7.808	6.833	4.509	2.786	4.284	8.88	9.619	6.613
CXCL5	1.293	4.141	4.868	6.403	6.495	4.729	1.176	5.243	6.009	4.827	2.34	0.8081	3.138	2.148	5.689	4.972	3.532
CXCL6	4.414	6.968	3.385	6.361	6.905	7.006	2.961	6.353	1.27	6.403	5.045	2.924	3.138	2.461	6.579	5.975	5.078
CXCL9	7.08	12.58	6.773	13.34	11.49	12.02	7.976	13.79	9.684	14.47	11.61	7.031	10.13	7.083	11.43	12.25	12.23
CXCR4	8.26	12.22	10.04	11.37	12.31	8.817	9.812	12.86	8.699	10.9	11.28	8.885	8.274	7.963	11.4	11.29	11.52
CXCR6	4.682	9.512	2.899	9.662	9.507	6.462	4.072	11.72	4.345	10.59	7.253	4.896	5.186	0	8.184	8.34	7.845
CYBA	7.095	12.09	8.919	11.5	11.93	10.26	8.438	11.54	8.702	11.47	9.804	7.645	7.825	9.408	10.12	10.64	9.866
CYBB	7.829	12.45	8.765	11.17	12.74	10.59	8.932	12.58	8.756	12.27	10.91	9.504	9.491	10.26	11.93	11.7	11.67
CYCS	7.453	7.732	6.574	8.22	7.224	9.102	7.666	7.474	8.026	7.391	8.229	6.563	8.104	9.11	7.703	6.414	8.338
CYLD	9.323	10.67	8.111	11.56	10.86	9.373	8.429	11.58	7.865	11.87	9.357	8.36	8.957	8.065	9.84	9.915	10.01
CYR61	10.6	15.11	10.9	11.8	11.1	11.24	11.36	13.2	10.29	9.671	11.19	10.83	9.081	12.9	14.04	12.96	13.52
DAXX	10.08	9.954	9.943	10.02	9.838	9.347	9.586	10.46	9.525	10.26	9.261	9.325	9.978	9.314	9.45	9.507	9.223
DDR1	8.721	8.597	6.474	10.33	6.138	9.611	9.744	7.043	8.284	8.059	8.794	9.605	10.03	7.69	9.41	7.797	9.079
DDR2	10.4	11.29	9.116	8.978	9.374	8.179	9.976	9.896	10.9	10.16	9.737	9.126	11.68	10.47	8.933	9.761	8.675
DDX17	12.34	12.75	11.4	13	12.78	11.62	11.74	13.19	12.47	12.86	11.67	11.47	12.3	11.16	11.86	11.73	12.17
DDX58	7.739	9.282	6.789	10.32	9.297	8.56	7.199	10.19	7.874	9.606	7.016	7.136	8.548	6.428	8.388	8.402	8.567
DDX60	7.447	10.28	6.789	11.35	9.869	9.816	7.401	10.65	8.287	10.7	10.04	8.014	9.162	6.75	9.272	9.139	9.559
DES	3.045	7.732	4.37	6.227	7.125	6.592	5.245	3.107	4.017	5.535	7.188	1.808	0	6.276	12.6	5.605	9.446
DHX58	6.959	9.358	4.309	9.386	9.656	9.035	6.542	9.736	8.215	10.12	6.916	6.598	7.101	6.316	8.177	8.299	7.446
DKK2	3.383	2.07	1.857	7.991	7.403	4.091	4.775	6.238	2.163	6.441	1.648	3.615	0.2502	4.023	4.745	3.173	5.742
DLL4	8.101	7.982	6.403	6.701	6.781	6.644	6.898	7.02	5.846	6.712	6.939	5.715	4.268	6.887	7.096	6.529	6.702
DSCAM	1.964	0	0	2.185	5.663	3.474	0	3.677	0	4.1	2.035	0	0	1.191	2.919	0	0
DSTYK	8.078	6.714	6.225	7.991	7.271	9.132	8.389	7.153	9.362	7.972	7.069	7.871	9.205	7.749	8.479	6.414	8.731
Dusp5	10.89	10.68	6.828	10.44	9.063	10.06	7.715	10.92	8.212	10.88	8.068	6.785	7.678	8.449	10.57	8.853	8.78
Dusp6	13.1	11.37	8.356	10.02	9.958	12.37	9.818	10.66	10.92	10.04	12.06	9.957	11.42	8.741	12.04	9.699	11.76
ECD	7.288	6.888	5.841	8.67	7.74	6.821	6.81	8.214	7.839	8.047	6.566	6.311	7.16	6.66	6.493	5.802	6.785
ECM1	7.897	10.98	6.761	9.559	8.242	10.57	7.638	8.722	7.992	8.941	9.945	8.652	10.7	8.385	9.001	9.285	10.49
ECM2	6.449	10.95	4.246	8.785	9.036	6.851	6.94	9.167	5.946	8.515	6.394	6.499	5.46	7.54	8.107	7.744	8.236
EDN1	4.943	8.97	4.825	8.288	6.572	5.262	4.775	6.899	5.032	6.773	5.447	5.838	4.799	4.696	5.8	5.304	4.787
EDN2	0	0	0	4.06	0	0	0	2.707	0	0	0.2693	0	2.572	0	0	1.547	0
EDN3	13.09	7.982	0	6.596	7.485	1.494	1.176	5.655	2.855	6.583	5.655	0	1.098	3.58	5.61	3.173	9.211
EED	6.836	7.428	7.469	8.254	8.067	6.965	7.915	8.812	10.38	8.154	7.392	7.531	7.665	6.778	8.264	7.554	7.141
EFEMP1	4.598	12.12	5.945	8.999	9.154	7.261	8.263	9.006	6.752	10.17	8.163	8.823	5.792	8.95	10.79	10.13	9.554
EFEMP2	9.462	11.85	9.493	8.978	9.892	8.346	8.188	10.26	8.695	10.14	9.502	8.136	6.162	8.704	9.653	10.55	9.042
EFNA1	7.341	8.694	8.464	9.483	7.36	8.055	8.568	7.11	7.679	7.161	8.518	7.413	10.2	7.036	8.184	8.034	7.774
EFNA2	3.814	4.958	1.229	3.833	5.163	0.7051	4.901	3.896	3.672	3.897	3.157	3.311	2.786	5.631	1.782	2.805	2.975
EFNA3	7.763	6.517	4.95	10.31	7.867	6.866	7.362	6.59	6.893	6.802	5.627	5.154	4.586	6.582	5.8	6.129	7.362
EFNA4	8.513	7.371	5.82	8.254	8.012	6.32	7.037	7.153	8.391	7.352	5.953	6.373	6.986	6.913	6.791	6.481	6.219
EFNA5	7.653	5.24	7.058	7.108	5.35	6.644	5.083	6.459	3.106	5.224	3.878	3.223	4.404	6.41	5.188	5.188	3.932
EFNB1	8.475	8.622	7.33	9.371	8.377	7.478	6.731	8.086	6.934	8.035	7.417	6.212	6.083	8.279	7.139	6.545	6.785
EFNB2	7.768	8.74	5.221	8.599	7.6	8.533	7.401	7.65	7.579	7.639	6.58	7.112	4.696	7.925	7.645	6.23	7.446
EFNB3	6.89	4.607	8.424	7.505	7.271	4.522	7.872	6.068	7.311	6.513	6.411	7.278	6.862	6.706	4.669	8.554	6.52
EGR1	11.6	12.88	7.9	10.25	10.23	10.37	9.947	12.15	9.456	10.35	9.945	8.567	9.048	11.2	11.07	10.36	10.68
EMR1	1.964	7.428	2.162	2.802	5.797	3.987	0	5.243	0	4.827	5.598	0	3.42	0	6.579	4.924	5.129
EPHA1	0	2.07	0	8.437	5.663	3.621	3.561	6.996	0	3.027	2.805	0	0	1.191	3.367	3.593	0
EPHA10	1.293	0	0	0	2.627	0	0.3283	4.883	0	3.661	2.992	0	1.629	0	0	2.309	0
EPHA2	10.21	9.589	7.731	9.929	7.837	7.914	7.375	7.708	10.44	9.489	7.527	6.691	7.234	7.285	8.946	7.498	6.145
EPHA3	6.363	8.439	2.414	5.438	7.485	6.403	4.877	6.238	2.986	5.669	5.447	5.177	2.016	4.115	5.014	5.574	5.986
EPHA4	4.145	7.903	2.899	8.964	6.645	6.923	6.462	7.043	4.439	6.403	4.606	5.896	7.913	5.567	6.808	8.242	8.847
EPHA5	2.604	6.015	5.596	0	0	6.185	6.386	1.233	7.891	4.436	4.768	6.481	0	5.43	4.104	0	7.426
EPHA6	8.201	5.24	0.09181	2.802	5.35	4.594	0	4.085	3.106	3.027	1.117	0	0.2502	2.148	3.367	0	0
EPHA7	6.553	6.517	1.677	5.355	6.414	3.128	0	5.464	1.27	4.827	0	0	0	2.148	2.267	0	6.785
EPHB1	5.848	3.449	0	5.517	0	3.987	2.254	3.107	8.343	0	0	0.2232	0	1.191	3.367	1.547	0
EPHB2	2.913	6.015	0	2.802	4.697	4.522	3.788	6.559	5.811	6.283	2.992	2.924	1.629	0	5.074	6.191	4.787
EPHB3	9.623	7.183	6.927	8.343	5.663	7.204	5.522	6.315	6.04	5.791	5.787	0.2232	4.268	7.255	6.254	6.043	4.91
EPHB4	10.23	9.117	7.666	8.617	7.706	7.399	9.48	7.751	9.611	7.52	7.711	8.924	9.813	8.759	7.907	7.232	8.739
EPHB6	2.913	4.958	0.09181	10.39	6.236	4.793	5.895	7.215	1.632	6.941	2.805	2.683	4.586	7.4	5.014	4.336	3.369
ERAP1	7.857	10.65	6.817	11.35	10.62	7.683	8.16	11.31	8.709	10.65	9.049	8.09	9.532	7.548	9.223	9.322	10.09
ERAP2	5.59	11.52	8.592	9.244	11.6	9.31	5.522	11.37	8.606	12.09	6.939	4.978	7.602	7.784	10.8	10.99	7.115
ESAM	8.856	10.03	6.833	8.375	7.985	7.969	8.022	8.958	7.194	8.46	7.35	8.062	6.713	9.047	8.555	8.083	8.265
Etv1	9.979	9.639	6.773	7.703	8.995	9.412	9.752	9.325	4.571	8.974	8.894	9.053	10.67	5.534	8.523	7.406	11.3
Etv4	9.756	8.057	3.127	4.582	4.006	9.323	7.953	4.403	8.391	5.04	6.706	7.347	8.566	2.719	8.399	3.818	9.235
Etv5	9.912	9.444	6.593	7.083	8.848	9.887	10.27	8.075	11.79	9.161	9.236	9.961	11.6	6.428	10.17	7.723	9.849
F11R	7.191	10.25	6.574	11.11	10.5	10.29	8.963	9.874	9.79	8.81	8.113	8.812	5.792	8.309	10.29	9.245	9.252
F2R	9.358	9.444	8.672	9.111	9.262	7.488	7.468	9.399	7.36	8.915	6.821	6.77	5.911	7.912	7.208	8.147	7.436
F2RL1	4.682	6.407	0.9398	9.244	6.033	5.431	5.441	5.976	1.27	6.441	0.2693	3.311	0	3.924	3.852	2.578	5.228
FADD	5.104	7.183	6.381	6.361	5.797	7.096	6.13	6.739	7.292	6.967	6.521	6.321	5.767	6.874	6.426	6.343	8.212
FAM19A1	2.42	0	0	0	0	0	0	2.707	0	0	0	0	0	0	0	0	0
FAM19A2	4.021	6.619	2.525	5.517	6.715	2.672	2.761	5.53	3.748	5.309	4.606	0	1.629	4.202	3.983	4.1	2.975
FAM19A3	5.936	5.476	4.037	4.256	7.125	5.431	0	4.982	4.345	4.1	5.655	0	0	2.937	6.118	4.407	0
FAM19A4	5.355	4.141	0.09181	4.428	6.781	3.128	2.094	6.238	3.32	3.897	4.357	0.8081	2.016	1.748	2.267	3.173	2.432
FAM69B	7.295	5.679	7.252	4.256	6.572	8.33	8.137	5.77	10.1	7.448	7.891	7.177	7.896	8.616	7.948	7.298	7.707
FAP	7.033	12.11	6.388	9.36	11.06	7.535	8.626	11.16	6.512	10.08	8.876	8.001	5.956	7.652	10.15	10.36	10.4
FAS	6.35	7.248	4.213	7.784	7.524	5.508	3.937	7.573	6.339	7.655	5.348	3.393	4.696	5.357	6.402	5.479	5.129
FASLG	3.383	6.968	0	8.581	8.242	6.011	3.216	9.682	4.017	9.281	5.655	2.683	4.338	0	6.118	6.708	6.311
FCER1G	7	13.91	8.189	13.13	13.09	13.65	9.177	11.76	9.155	12.5	9.962	8.888	9.306	9.116	11.41	11.67	11.33
FCGR2B	6.66	12.94	6.891	11.59	13.58	10.94	9.618	10.12	8.319	8.774	8.73	9.187	7.878	8.076	10.6	10.29	10.27
FCGR3A	8.194	13.37	9.351	9.535	12.33	11.54	9.293	13.52	9.913	12.54	11.76	9.232	10.94	9.124	12.46	13.16	12.94
FCGRT	8.961	12.68	9.887	10.66	12.25	10.21	9.584	12.13	11.08	11.87	10.61	10.06	8.954	10.84	10.52	12.03	10.58
FCN2	0	0	0	3.833	6.236	1.494	0	3.42	0	4.278	4.486	0	0	0	0	4.183	0
FGF10	3.737	6.888	3.792	6.079	7.485	4.279	3.498	5.927	3.954	4.708	4.214	2.393	4.338	5.466	4.669	3.466	4.044
FGF2	7.482	6.804	5.809	6.734	7.316	5.431	6.001	7.174	4.571	7.311	5.812	5.452	4.586	6.373	7.373	5.228	5.929
FGFR1	9.664	9.064	7.015	7.598	7.898	7.216	6.992	8.204	7.531	7.864	5.045	6.106	6.325	7.652	6.659	7.099	7.545
FGFR2	0	2.07	0	6.318	3.475	0.7051	0	3.107	0	3.897	0	0	0	0	0	3.818	0
FGFR3	3.814	6.015	2.414	11.14	5.35	7.389	5.931	5.77	6.183	6.197	4.547	2.393	6.739	4.755	4.318	4.475	4.85
FGFR4	6.098	2.07	3.999	4.428	6.645	3.621	3.498	5.655	8.212	5.224	4.866	2.808	5.147	6.9	6.64	3.327	3.811
FGFRL1	11.04	8.439	5.136	8.354	8.288	8.698	7.409	8.595	8.866	8.47	6.551	6.545	8.242	6.296	6.355	6.448	8.504
FLT1	8.314	9.099	7.629	7.703	7.671	7.204	7.431	7.665	7.782	7.892	8.275	7.018	6.646	7.071	7.731	7.971	7.913
FLT3	2.21	5.857	0	8.506	7.36	2.918	1.707	6.277	2.163	6.859	4.214	3.031	0	0	5.241	4.601	3.186
FLT4	6.158	6.888	0.5772	6.027	4.949	5.349	4.31	7.11	4.017	0.4911	1.117	3.311	2.973	6.084	4.504	0	0
FOXp3	4.723	7.311	3.055	8.032	6.645	4.522	3.679	7.387	4.017	7.043	4.056	3.13	3.656	3.444	5.482	5.748	5.179
FREM1	12.57	6.517	2.724	7.23	6.414	4.967	5.245	6.973	3.106	7.932	0	3.808	0	3.818	4.318	3.71	2.975
FREM2	7.778	5.857	5.753	6.596	7.271	0	5.458	4.253	1.27	5.309	5.127	2.393	2.321	6.428	5.293	8.846	2.432
FURIN	7.441	9.282	6.06	9.407	8.595	10.5	7.641	8.778	7.573	8.442	7.13	7.447	9.096	8.48	8.828	8.432	9.428
Fosl1	5.104	6.158	2.525	5.517	6.414	7.683	4.636	5.32	2.855	6.616	6.122	5.471	3.859	5.197	7.655	4.924	9.698
FoxO1	8.881	10.53	7.598	9.613	9.717	7.863	8.114	10.33	7.968	9.471	7.704	7.654	7.545	6.938	8.925	7.959	8.538
FoxO3	9.797	11.67	9.184	9.746	10.66	9.58	9.066	10.07	9.243	9.775	8.078	9.034	8.619	9.777	9.047	9.163	9.052
G6PD	9.032	11.78	8.424	10.49	10.69	9.903	8.838	9.801	9.112	10.82	10.01	9.514	10.3	9.392	10.22	9.37	9.535
GAPDH	13.31	14.11	13.26	13	13	14.63	13.5	12.57	14.09	13.14	14.11	11.5	13.71	15.01	14.02	12.61	13.19
GDF15.N	10.32	10.39	8.367	7.133	8.5	11.55	6.191	7.508	11.75	8.22	7.988	9.985	10.97	6.014	11.36	6.464	7.049
GDF15.C	10.57	10.09	9.846	4.06	7.271	13.69	6.861	5.594	12.78	7.466	8.954	11.27	12.17	7.285	12.48	5.828	5.708
GFI1	5.568	7.536	5.571	8.333	8.44	5.684	7.266	10.63	4.439	9.913	5.761	4.311	5.663	2.461	7.096	7.241	6.44
GNLY	4.414	8.02	3.92	7.486	7.445	4.664	3.621	10.28	5.757	8.305	4.214	3.223	4.268	4.696	6.991	5.635	5.448
GPC1	6.975	9.993	8.932	10.19	8.5	9.054	8.483	8.224	8.585	7.763	7.048	6.762	6.424	7.944	6.228	7.033	7.646
GRAP2	4.554	7.428	3.96	9.512	8.894	6.836	4.995	10.37	5.062	9.362	6.857	3.808	5.363	4.284	5.869	7.317	5.986
GRN	10.5	15.45	11.87	14.62	14.79	13.32	12.54	13.89	12.23	14.16	12.16	12.36	12.66	11.7	12.87	13.59	13.06
GXP1	9.535	12.21	10.32	11.8	12.98	11.67	11.39	12.48	11.83	12.02	11.67	10.86	11.57	9.771	12.52	11.87	12.65
GZMA	6.597	12.17	5.154	12.64	12.16	8.794	7.02	13.61	7.292	13.03	9.548	6.965	7.15	6.215	10.58	10.85	11.01
GZMB	3.383	10.4	2.628	9.867	8.119	7.976	3.679	11.1	5.405	10.38	6.821	3.031	6	4.023	9.316	8.727	7.79
GZMK	5.454	11.1	3.836	12.35	10.07	6.836	6.333	12.97	7.005	11.69	8.319	6.649	3.42	5.064	9.492	9.729	9.69
HAVCR2	5.329	10.44	6.105	9.232	10.86	8.457	7.401	11.48	7.36	11.21	8.825	7.268	7.724	6.86	9.467	10.01	9.726
HCK	6.413	11.54	6.132	10.98	11.19	7.658	6.842	10	6.512	10.48	8.173	6.707	6.456	7.265	9.266	9.089	8.398
HEPACAM	0	5.857	2.814	1.086	6.327	2.001	0	5.877	0	6.802	4.214	0.2232	0	3.444	3.547	4.012	0.7623
HGF	5.568	10.12	6.704	7.891	10.11	6.627	7.52	10.22	5.962	9.444	7.089	6.823	7.225	5.11	8.198	8.535	7.999
HLA-A	12.74	16.77	12.37	15.83	16.46	15.94	13.79	16.85	13.55	17.47	16.16	14.2	15.8	13.74	16.16	15.45	15.97
HLA-B	10.87	15.91	9.911	14.85	15.32	13.54	11.97	15.37	11.53	15.31	13.45	13.04	13.79	11.61	13.95	13.55	13.89
HLA-C	10.04	14.9	8.165	12.43	14.39	12.67	11.24	14.65	11.83	14.68	13.59	12.11	12.83	10.46	13.95	12.7	12.38
HLA.DMA	7.704	13.1	7.763	13.04	13.65	9.766	9.273	12.44	9.002	12.52	10.79	9.241	9.3	8.07	11.14	11.39	11.16
HLA.DMB	6.789	12.11	7.326	12.52	13.04	9.169	8.6	11.99	8.255	11.67	10.51	8.268	8.616	7.564	10.35	11.36	10.98
HLA.DOA	5.192	10.23	4.95	9.573	11.74	6.965	6.542	10.76	6.647	10.22	8.852	6.413	7.718	4.202	8.218	9.468	8.675
HLA.DOB	6.271	8.807	6.374	10.44	10.59	5.749	4.925	9.644	5.72	9.699	6.821	4.747	6.646	4.202	6.174	7.151	7.394
HLA.DPA1	8.922	15.83	10.28	13.64	16.08	12.67	11.37	15.56	11.37	14.44	13.52	11.13	11.95	9.691	13.02	13.96	14.21
HLA.DPB1	9.326	15.43	10.34	12.87	16.17	11.83	10.62	15.41	11.39	13.9	13.25	10.38	0	9.468	12.35	12.82	13.93
HLA.DQA1	2.42	15.8	2.525	15.48	16.5	11.37	3.136	15.84	10.81	4.278	12.61	0.8081	11.13	8.181	1.782	13.6	3.811
HLA.DQA2	3.886	5.679	0	6.227	5.163	0	0.8137	4.538	0.7841	4.827	2.992	0	0.2502	4.284	0	0	0
HLA.DQB1	7.638	13.6	8.312	12.5	15.12	10.35	10.04	9.924	9.169	13.92	10.24	9.937	9.919	7.024	11.28	11.82	13.08
HLA.DRA	10.06	17.24	11.33	17.46	18.01	13.03	12.89	16.76	12.56	16.11	14.84	12.65	13.23	9.778	14.77	15.63	15.53
HLA.DRB1	9.537	16.64	7.426	14.4	15.23	12.86	10.1	16.28	11.83	14.42	13.14	9.862	12.09	10.78	12.41	13.98	13.89
HLA-E	9.928	13.81	9.675	13.87	14.12	12.32	10.87	14.07	10.89	14.59	13	11.53	12.87	10.84	12.52	12.53	12.31
HLA-F	4.723	6.407	0	6.522	6.905	4.793	3.889	7.387	4.244	7.484	5.735	3.615	6	2.719	5.903	5.018	3.678
HLA-G	6.553	10.85	6.166	10.36	11.05	8.596	8.139	10.8	7.234	11.6	10.45	8.442	10.23	6.084	9.967	9.891	10.06
HLA.H	2.913	0	0.5772	3.564	0.3051	2.672	2.094	6.113	1.27	5.464	0.2693	0	3.543	0	5.132	3.593	0
HPRT1	7.254	8.382	10.26	8.87	8.736	10.01	8.73	8.988	8.212	8.713	10.95	8.278	8.874	9.099	10.2	9.233	9.601
HSP90AA1	12.9	14.09	15.57	12.89	13	14.72	14.58	13.13	14.52	13.51	14.87	13.54	14.87	14.89	16.16	13.66	14.81
HSPA1A	11.8	11.63	9.693	8.497	8.067	10.67	11.47	10.28	10.53	9.367	7.607	8.284	8.866	11.16	11.94	8.558	9.769
ICAM1	7.213	11.29	9.466	10.17	10.27	11.2	9.243	10.84	9.353	11.34	10.29	9.745	10.4	8.053	10.93	10.49	11.32
ICAM2	6.701	9.008	7.941	8.071	9.103	6.501	6.191	8.778	7.234	8.274	7.392	6.278	4.894	6.874	7.907	7.899	7.25
ICAM3	7.162	10.26	7.601	10.19	10.8	8.912	7.582	11.1	8.598	10.94	8.387	7.234	8.433	7.975	8.724	9.137	8.8
ICAM4	5.329	6.888	4.847	5.972	7.019	5.581	4.801	6.821	4.244	6.831	5.709	2.808	5.259	5.11	6.201	5.228	5.448
ICAM5	0	0	3.196	4.582	4.006	0	2.094	4.085	3.217	0	0	0	0	0.2739	3.708	2.309	2.729
ICOS	4.762	7.685	2.724	8.427	8.119	6.482	4.196	9.579	3.591	9.722	5.997	3.747	4.338	4.115	6.228	6.88	7.115
ICOSLG	4.723	8.646	5.435	8.11	9.319	6.661	5.355	8.656	7.317	8.176	7.216	4.649	4.894	5.534	6.379	7.056	6.46
IDH1	9.657	12.65	8.688	11.2	11.84	10.8	10.26	10.69	10.57	11.22	10.57	10.53	11.1	9.499	11.49	12.17	11.32
IDH3A	8.561	8.292	9.096	10.38	9.447	10.12	9.862	9.498	9.689	9.406	11.04	9.259	10.26	8.928	10.93	10.43	11.89
IDO1	6.608	9.663	6.184	10.87	8.288	9.436	5.245	11.28	5.846	10.61	10.8	4.031	10.79	3.924	8.523	8.942	9.905
IFI30	7.843	14.84	8.433	12.22	14.06	11.11	10.28	13.21	9.902	13.06	11.04	9.767	10.01	9.408	11.74	12.79	12.08
IFIH1	5.221	8.97	4.037	8.907	8.577	8.225	6.445	8.928	6.375	9.594	6.551	6.342	7.843	5.064	7.615	7.666	7.496
IFIT1	6.243	8.02	4.34	9.072	8.04	8.298	6.141	8.234	6.798	8.584	6.566	6.413	7.637	3.444	7.768	7.989	8.376
IFIT1L	2.42	4.607	0	0	5.35	0	0	3.896	0	0.4911	0	0	0	3.126	0	0	0
IFIT2	5.38	7.183	3.498	7.505	7.485	8.253	4.901	7.922	5.978	9.521	6.49	5.223	7.121	4.755	7.111	7.212	8.224
IFIT3	5.073	7.588	2.628	8.058	7.175	7.389	4.449	6.973	5.913	8.915	5.884	4.683	7.029	4.202	6.599	7.011	7.141
IFITM1	10.36	13.95	10.97	13.1	12.73	12.59	10.04	13.49	10.53	13.63	12.37	10.21	11.03	9.682	12	12.74	12.12
IFNA1	5.429	7.776	2.628	7.03	8.311	2.001	0.3283	7.195	2.71	6.441	4.357	0	3.42	5.017	4.589	4.262	3.678
IFNA10	5.329	8.093	2.525	7.505	9.179	3.474	2.65	7.44	3.748	6.914	4.486	0	0.2502	5.534	5.39	3.593	0
IFNA14	3.737	5.24	0	4.256	6.414	0.7051	0	5.243	0	4.827	0	1.223	0	0.2739	0	3.001	0
IFNA16	3.045	6.015	1.229	4.848	5.163	1.494	0	5.074	0	3.897	0	0	1.098	0	2.267	0	0
IFNA2	3.657	3.449	1.677	5.173	7.125	2.672	2.254	5.243	3.217	5.04	0	0	3.138	4.115	1.782	1.978	0.7623
IFNA21	4.021	6.714	0.9398	5.856	7.445	1.494	0.3283	5.927	0	4.827	0	0	0	2.937	3.983	3.173	0
IFNA5	5.009	7.115	1.857	6.443	8.288	3.128	2.094	5.655	0	6.058	3.157	0	3.286	4.755	5.132	2.309	2.058
IFNA6	4.873	6.804	2.018	6.179	7.485	2.001	1.466	6.493	0	5.904	4.214	0	3.42	2.148	4.817	2.578	0
IFNA7	2.604	0	0	0	6.327	0	0	4.253	0	4.937	0	0	2.016	3.126	1.782	0	0
IFNAR1	6.89	8.597	6.612	7.616	8.981	8.016	7.426	9.188	7.857	8.274	7.179	6.536	7.724	6.834	8.382	8.354	7.971
IFNAR2	9.972	10.7	8.185	10.21	11.22	8.971	9.271	10.92	8.616	11.58	9.625	8.834	8.224	8.244	10	10.12	9.587
IFNB1	3.383	5.857	0	5.662	6.781	0	1.466	6.389	0	5.904	0	0	0	2.937	4.589	2.578	3.811
IFNE	5.041	4.607	2.414	6.632	7.36	0	2.961	6.459	1.922	5.535	3.439	0	0	3.704	4.318	4.012	0.7623
IFNG	4.8	7.862	3.324	8.572	8.632	7.157	3.839	10.92	4.938	10.75	7.342	2.924	6.392	5.862	7.531	8.261	7.637
IFNGR1	9.355	13.19	10.17	12.29	12.77	10.41	10.04	11.57	9.54	11.19	10.56	10.15	9.752	9.301	11.49	11.36	11.36
IFNGR2	9.772	11.87	9.29	10.9	12.19	10.5	11.04	11.61	10.34	11.73	10.54	10.23	10.94	9.653	11.48	11.04	10.52
IFNK	3.045	5.24	2.414	4.06	6.645	2.375	2.399	5.594	0	4.827	4.547	0	0	2.937	4.817	3.466	0
IFNW1	3.045	5.24	0	5.517	6.572	0.7051	0	5.655	0	3.897	0	0	2.321	2.461	1.045	0.9304	0
IGF1R	11.45	10.38	8.35	9.878	9.807	10.44	9.325	8.818	8.973	8.674	8.973	9.276	10.9	8.39	9.673	7.666	10.47
IGF2R	8.428	10.77	9.685	10.15	10.22	9.897	9.605	10.02	9.355	10.41	8.556	9.442	9.165	8.552	9.658	9.428	10.71
IKBKB	9.209	9.444	7.796	9.679	9.05	8.361	8.334	9.539	8.814	10.01	6.692	8.043	8.017	7.682	7.664	8.203	8.054
IKBKE	7.944	9.471	6.6	9.507	9.036	8.202	7.169	10.22	7.976	10.13	7.235	6.471	7.812	7.105	7.923	8.142	6.923
IKBKG	8.26	9.974	7.949	10.05	9.854	8.618	8.727	9.729	8.548	10.25	8.716	8.342	8.802	8.234	8.627	8.6	7.798
IKZF1	3.886	7.483	3.442	7.405	8.169	5.984	4.546	9.39	3.954	8.55	5.627	3.924	3.761	4.572	7.153	6.803	6.577
IL10	0	8.989	2.414	6.976	6.781	5.122	4.721	6.068	0.04717	6.477	5.045	3.545	0	5.6	8.833	6.722	6.52
IL10RA	6.691	11.19	6.68	11.34	11.41	8.923	7.627	12.41	7.669	12.08	8.46	7.403	7.671	6.86	9.113	10.28	9.641
IL10RB	8.922	10.67	8.48	10.23	10.76	9.742	9.915	10.91	9.81	10.91	10.42	9.451	8.72	8.539	10.92	10.81	10.21
IL11	4.462	0	2.414	5.856	6.572	6.037	3.216	5.77	2.369	5.388	4.486	1.545	0	3.924	4.669	4.183	4.245
IL11RA	8.327	8.162	7.53	8.943	8.333	5.47	6.333	8.244	9.065	8.284	7.1	5.823	8.799	8.165	5.835	6.636	4.503
IL12A	4.145	6.015	2.018	5.517	6.327	3.753	2.53	6.023	3.416	5.791	3.305	3.545	4.338	0	3.983	4.601	4.85
IL12B	4.509	0	0	6.179	7.316	0.7051	2.254	5.976	0.7841	4.827	4.486	0.8081	1.629	0.2739	5.132	3.466	0.7623
IL12RB1	0	6.619	2.414	6.86	6.645	4.729	1.466	7.819	0.04717	8.165	5.54	2.924	2.786	1.748	5.293	5.775	4.245
IL12RB2	3.657	4.607	7.401	7.562	6.138	8.537	7.456	6.71	6.07	9.255	8.073	7.043	0	6.598	8.917	5.228	9.944
IL13	4.462	4.958	2.293	4.428	7.125	3.474	1.913	5.655	2.163	4.827	4.913	2.393	1.629	3.704	4.745	4.66	3.532
IL13RA1	8.165	11.68	8.927	11.22	11.65	11.61	9.676	11.03	9.186	10.79	11.86	10.02	10.22	10.58	10.61	10.74	10.72
IL13RA2	6.158	7.183	7.936	0	5.797	3.474	2.53	4.777	0	4.827	4.214	8.918	2.016	1.748	0	10.47	0
IL15	7.248	7.776	4.278	8.957	8.265	6.209	5.04	8.964	4.97	8.682	6.745	5.615	5.491	4.968	7.625	7.099	6.878
IL15RA	2.42	7.311	0	3.833	6.495	4.793	0	7.508	2.163	0	0	0	0	4.115	0	0	0
IL16	8.218	11.48	7.783	11.93	12.06	10.19	9.178	12.56	10.06	12.18	8.759	8.206	6.673	8.11	9.908	10.11	11.02
IL17C	0	2.07	0	2.185	6.645	0	0	4.253	0	0	0	0	0	0	0	0	0
IL17D	8.838	6.015	8.578	6.559	6.645	5.812	5.166	5.655	9.186	5.669	5.836	5.581	5.108	8.07	6.537	6.529	7.516
IL17F	5.276	7.428	2.628	4.428	6.781	2.375	2.53	5.243	3.507	5.791	5.087	0.2232	3.42	2.937	4.504	3.466	3.811
IL17RA	6.942	11.56	8.031	10.93	11.15	11.57	8.438	10.77	9.211	10.43	8.596	8.469	9.378	9.628	9.577	9.503	9.089
IL17RC	8.307	8.52	6.612	8.386	7.956	7.058	7.875	7.588	9.048	8.315	7.1	7.447	9.386	6.834	7.531	7.415	7.765
IL17RD	11.19	7.311	6.217	5.591	6.715	3.987	6.518	6.526	6.21	5.464	5.314	5.762	8.022	5.064	6.228	5.188	6.17
IL17RE	7.22	7.685	2.979	10.02	7.927	5.262	5.714	6.651	4.837	6.941	7.885	3.683	3.656	6.296	5.65	5.748	4.787
IL18	5.754	9.202	5.171	11.02	9.009	7.756	6.625	10.26	6.128	9.606	6.881	5.598	6.408	5.722	7.89	9.121	8.242
IL18BP	5.041	9.627	4.989	8.184	9.691	6.209	4.972	8.386	6.647	8.713	6.411	4.545	5.663	4.202	5.65	7.308	5.129
IL18R1	4.462	8.382	1.229	9.16	8.377	6.821	4.949	8.825	6.445	8.839	5.447	5.683	4.268	4.968	7.349	6.622	7.853
IL18RAP	1.964	5.679	2.293	7.083	7.445	5.02	2.761	8.086	3.591	8.915	4.486	2.545	1.098	1.191	5.835	4.875	3.532
IL1A	4.021	6.407	2.414	5.517	6.963	4.188	3.433	5.53	3.32	3.897	5.205	0.8081	1.098	4.202	5.188	4.875	4.148
IL1B	4.762	7.903	5.136	7.598	8.194	7.811	5.907	7.765	5.001	6.773	7.159	2.808	4.404	5.78	9.683	8.503	10.87
IL1F10	1.964	5.857	1.229	7.003	6.138	2.672	0	2.15	2.369	0.4911	3.157	0	0	1.748	3.16	3.327	0
IL1F5	4.414	6.619	0	11.36	7.271	6.744	5.599	5.714	3.217	5.135	4.547	0	0	3.58	5.014	2.309	4.245
IL1F6	3.737	0	0	2.185	5.163	0	0	5.53	0	5.224	3.157	0	2.572	0	2.919	2.309	0
IL1F7	4.554	6.407	0	10.1	7.125	3.987	5.7	4.883	1.632	5.04	4.214	0	0	2.719	4.215	1.978	0
IL1F8	1.293	0	2.162	7.182	0	3.128	3.216	3.107	1.632	1.87	0.2693	2.545	0	0.2739	0	0	2.729
IL1F9	3.657	6.407	2.293	9.754	7.636	5.781	4.514	6.493	2.71	6.616	4.959	3.393	4.748	2.461	6.03	5.543	6.289
IL1R1	4.837	10.34	3.603	9.136	8.894	8.043	6.654	8.611	8.365	9.056	6.49	7.075	5.521	7.833	8.507	7.942	7.798
IL1R2	3.956	7.776	4.712	9.13	7.175	4.522	2.961	6.681	5.092	5.904	4.056	2.924	2.321	3.444	5.482	5.411	3.811
IL1RAP	9.627	9.733	8.766	9.54	7.403	8.876	9.702	7.634	8.389	7.836	8.759	9.407	11.29	6.645	9.294	8.491	9.967
IL1RL1	0	4.607	0	5.073	3.475	1.494	3.136	4.663	0.04717	6.549	2.035	4.393	1.629	0	5.074	3.173	0
IL1RL2	1.667	4.607	1.47	5.173	5.92	2.001	2.094	1.233	3.591	4.278	1.117	0.8081	1.098	3.294	2.267	0	1.551
IL1RN	5.477	8.849	5.136	10.02	7.403	7.667	6.42	7.995	5.757	7.622	6.758	4.352	4.984	6.373	8.468	6.361	5.775
IL2	1.964	7.248	2.162	7.108	7.175	2.001	1.176	6.353	2.369	4.436	5.087	0	1.098	2.719	5.188	3.918	4.336
IL20	4.085	4.141	2.293	5.794	5.35	3.621	0	5.074	0	5.224	4.287	0	3.286	3.294	3.983	3.173	3.186
IL20RA	3.045	4.958	0	8.322	6.645	3.312	4.346	5.161	0	5.388	2.035	1.545	2.572	2.148	4.504	2.309	3.532
IL20RB	4.976	4.607	3.878	11.15	7.224	7.239	6.603	5.877	6.055	5.464	4.662	3.924	5.068	3.818	3.983	4.875	4.336
IL21	3.383	7.371	2.414	7.816	7.524	3.474	2.65	7.885	0	7.655	5.627	0	2.016	2.937	5.132	5.72	2.432
IL21R	4.312	8.26	2.414	8.936	8.419	7.006	4.381	10.01	4.528	8.961	5.812	3.393	5.329	3.818	7.465	7.569	6.801
IL22	2.604	3.449	0	3.833	5.663	0	0	3.42	1.27	4.1	1.117	0	0	4.918	2.267	0	1.551
IL22RA1	5.355	8.292	4.037	9.563	7.485	6.063	4.775	5.161	4.19	6.831	5.348	2.545	4.118	5.94	5.342	4.924	4.85
IL23A	3.956	5.679	1.47	6.027	6.715	4.445	1.913	5.976	3.748	5.791	2.34	1.808	2.016	1.748	4.817	5.574	3.186
IL23R	4.085	6.968	3.747	6.027	7.073	3.621	2.254	5.161	2.855	5.464	4.818	0	1.098	4.023	3.708	2.578	3.532
IL24	2.766	4.141	2.293	4.256	6.236	2.001	1.707	4.777	0.04717	1.87	2.34	2.031	0	1.191	6.62	3.327	6.46
IL25	3.383	4.607	2.018	3.564	6.236	2.918	2.961	4.777	2.55	4.937	4.486	0.8081	3.42	2.148	4.589	3.593	3.186
IL26	5.134	7.183	3.92	5.794	7.956	3.875	3.051	5.824	3.82	4.937	5.205	1.545	3.951	5.722	4.817	2.805	2.975
IL27	1.964	0	0	4.722	6.033	2.918	0.8137	5.32	0	6.008	3.305	0	2.016	0	4.669	4.1	3.369
IL27RA	7.288	8.989	4.246	8.985	8.864	7.516	7.384	9.946	5.775	9.317	6.475	6.778	5.068	6.645	9.076	7.824	7.25
IL28A	4.203	6.517	2.814	5.591	8.377	2.001	0	6.277	2.855	5.849	5.045	0	0	5.78	4.414	3.818	3.532
IL28RA	3.737	6.968	3.442	8.84	8.632	8.287	8.162	7.723	6.301	7.906	6.019	6.081	4.195	4.115	8.257	6.497	5.958
IL29	3.737	6.407	2.293	6.667	7.271	3.474	2.094	6.71	2.986	6.152	4.959	2.223	3.656	5.197	4.215	4.475	4.044
IL2RA	5.134	10.57	6.86	9.214	8.169	6.923	4.972	9.102	5.405	9.206	7.457	7.91	5.579	6.988	8.888	9.58	7.883
IL2RB	6.128	10.02	4.825	10.16	10.02	9.028	6.099	12.46	6.647	11.52	7.788	5.471	7.234	6.645	8.1	9.045	8.465
IL2RG	4.414	11.06	6.217	11.38	11.31	7.764	6.595	12.23	6.705	11.33	8.148	5.91	7.018	4.361	9.016	9.963	9.092
IL3	3.48	0	0	4.722	7.073	2.375	0.3283	5.77	0	3.897	3.157	0	0	3.294	0	2.578	0
IL31	2.766	6.619	0	2.185	7.316	0	0	6.459	0	3.379	3.439	0	0	2.719	2.919	3.466	0
IL31RA	3.956	7.588	3.262	7.891	8.595	3.987	3.561	6.996	2.71	7.249	5.205	2.683	4.268	1.191	5.968	5.692	5.742
IL32	13.81	17.34	13.02	15.71	17.03	13.14	12.46	14.09	12.96	14.68	13.71	11.4	13.77	14.08	12.86	12.9	13.83
IL33	6.425	8.849	4.689	10.61	8.702	8.081	6.056	9.531	6.705	8.935	7.027	6.212	6.44	7.117	8.784	7.849	7.698
IL34	2.604	6.888	0	7.719	7.175	3.312	4.416	6.821	3.416	6.241	1.648	2.545	4.268	1.191	5.437	5.267	4.245
IL3RA	4.762	7.588	2.814	8.018	6.495	4.911	5.125	6.559	3.416	5.464	4.716	5.056	4.467	3.818	6.773	5.748	4.336
IL4R	6.575	11.36	7.062	10.59	10.26	8.462	7.638	10.42	7.703	9.396	8.093	7.719	7.422	7.4	9.005	9.507	8.327
IL5	5.675	6.714	2.293	4.256	7.36	0	0	5.161	0	5.388	4.547	0	2.973	0.2739	4.215	3.327	0
IL5RA	2.21	5.24	4.615	5.438	7.019	2.001	0.3283	5.976	2.71	5.135	4.662	0	0.2502	2.937	3.983	3.001	2.058
IL6	4.554	8.352	5.237	5.73	7.6	6.806	6.565	6.389	4.244	6.993	7.027	3.615	5.295	6.464	9.723	8.971	9.825
IL6R	4.598	9.614	5.73	9.423	9.611	9.989	8.626	9.421	8.823	9.396	7.982	7.358	10.33	7.819	8.434	8.503	8.163
IL6ST	11.82	11.61	11.73	11.06	10.94	9.649	10.93	11.27	11.06	11.82	10.66	10.63	10.12	10.34	11.12	10.85	10.65
IL7	3.956	3.449	2.899	7.003	6.781	3.474	3.433	6.425	4.97	6.441	5.167	2.808	1.629	3.126	5.293	3.818	5.364
IL7R	4.873	10.77	5.008	10.18	8.333	7.006	6.296	10.44	6.04	9.244	6.961	6.888	1.629	6.565	10.53	8.131	7.238
IL8	7.177	9.614	9.289	8.071	9.517	9.666	9.256	8.119	8.636	9.679	11.36	7.711	4.799	7.727	11.94	12.35	9.438
IL8RA	2.42	5.476	2.018	4.965	6.414	0	2.65	4.538	3.416	5.04	1.117	0	2.973	3.126	4.318	3.71	2.729
IL8RB	5.355	2.07	3.055	8.005	6.495	5.306	2.65	4.982	5.811	4.827	2.34	2.924	3.286	4.635	5.188	3.001	4.787
IL9	0	0	0	0	0	0	0	0	0	1.87	0	0.8081	0	0	0	2.309	0.7623
IL9R	0	0	0	4.428	7.403	2.672	0	4.777	0.04717	5.135	2.34	0.8081	1.629	0	3.547	2.309	0
INSR	9.492	9.722	8.986	8.761	9.647	8.978	8.935	9.018	9.447	8.47	8.8	8.842	9.355	8.099	8.766	8.367	9.22
IRAK1	8.794	9.993	8.386	9.386	9.775	8.727	8.132	9.527	8.383	9.291	8.99	8.087	9.782	7.956	8.37	8.939	9.481
IRAK3	4.723	7.982	3.792	8.22	8.311	4.793	4.31	7.541	4.729	7.892	6.521	5.666	1.098	6.446	7.948	7.192	5.986
IREB2	8.736	9.202	8.475	9.483	9.374	8.778	8.531	9.468	9.078	9.851	8.603	8.313	8.566	8.723	8.846	9.322	9.092
IRF1	6.741	9.602	4.538	10.55	9.274	7.193	5.245	10.27	5.428	11.45	7.954	5.413	7.624	4.361	7.839	8.142	7.992
IRF2	7.927	10.27	7.553	10.04	10.61	9.321	8.354	10.83	9.339	10.68	9.14	8.383	8.96	7.919	9.825	9.625	9.255
IRF3	8.58	8.196	6.932	8.147	7.6	8.161	6.784	8.515	8.483	8.803	7.188	6.106	7.101	6.735	7.703	7.232	7.92
IRF4	3.814	8.785	7.006	9.428	12.48	10.18	9.957	10.05	8.343	12.03	9.462	9.694	11.51	11.06	10.68	11.29	10.12
IRF5	3.279	8.546	3.055	8.855	9.7	6.341	6.428	8.564	5.56	8.451	5.787	5.666	5.147	5.751	7.125	7.28	6.752
IRF6	3.956	6.407	2.018	10.91	6.645	6.923	6.518	5.243	6.49	6.197	3.562	0.2232	3.286	3.58	5.764	2.309	3.532
IRF7	6.691	8.989	5.505	8.729	8.736	9.929	6.625	9.273	7.279	9.276	7.298	5.762	7.207	5.94	8.501	8.261	8.499
IRF8	2.604	9.639	4.868	10.16	10.09	6.951	5.919	9.539	4.729	9.756	7.11	4.683	5.46	4.918	6.894	8.178	6.785
IRF9	10.03	11.76	8.131	11.75	11.23	10.63	9.278	11.7	9.194	12.17	10.03	9.192	10.59	9.113	10.99	10.93	10.21
ITGAE	7.008	8.26	8.253	8.525	8.848	8.505	8.09	10.85	6.974	8.895	8.861	7.739	9.262	8.825	9.23	9.381	9.124
ITGAL	5.303	9.964	6.417	11.24	10.92	8.055	6.486	11.99	6.339	11.56	7.844	5.13	7.05	6.038	8.327	9.165	8.253
ITGAM	6.243	11.32	6.258	9.933	11.23	7.429	7.468	10.5	7.848	8.81	8.544	7.691	6.777	7.652	9.338	9.649	8.557
ITGAV	11.86	12.01	9.529	11.21	10.36	10.84	9.705	10.56	9.693	11.42	10.39	9.514	9.961	10.71	11.57	10.47	11.24
ITGAX	6.036	12.4	7.342	12.89	13.13	7.863	9.23	11.82	8.699	10.83	8.861	7.937	7.705	6.107	9.506	10.31	9.734
ITGB2	6.485	12.8	7.566	12.33	12.92	9.142	8.03	12.46	8.527	11.69	9.646	8.059	8.251	7.235	10.5	11.01	9.598
ITK	5.009	9.874	3.055	10.42	9.638	7.856	5.781	11.23	5.946	10.45	7.511	5.393	6.162	6.038	8.677	8.515	8.49
Ier3	8.53	10.21	6.175	8.785	8.736	11.73	9.911	9.887	8.491	8.154	6.771	8.645	10.69	8.371	11.9	9.808	10.55
JAM2	6.854	10.6	4.825	9.261	8.48	6.909	7.143	9.283	6.084	9.189	6.904	6.91	4.847	7.036	9.032	7.371	8.529
JAM3	9.934	11.46	10.19	9.142	9.611	10.06	7.763	9.456	6.696	9.933	7.586	7.509	8.291	9.844	8.854	8.173	9.516
KAL1	3.48	9.512	0.09181	8.005	9.274	6.037	4.665	8.671	5.897	7.959	6.427	4.471	5.767	3.294	6.62	7.335	7.619
KDR	8.284	8.382	5.154	7.182	6.905	6.836	6.268	7.043	6.422	7.655	5.569	6.268	5.223	7.697	6.826	6.325	6.17
KIT	5.009	8.228	10.44	6.919	7.773	9.738	5.714	6.197	8.452	10.64	6.833	4.683	3.543	6.988	9.444	5.228	6.817
Klf4	7.148	11.87	9.157	13.8	10.12	9.331	9.838	11.39	8.856	9.972	10.02	8.795	7.963	10.06	11.47	9.235	10.27
L1CAM	9.639	7.115	10.17	8.3	7.898	13.32	9.934	7.557	11.74	12.25	9.368	9.566	12.21	8.798	11.74	8.394	11.1
LAG3	7.689	10.71	4.145	10.28	9.262	8.759	5.282	12.34	6.237	12.75	7.6	5.633	7.769	5.017	8.529	9.283	8.987
LBP	3.814	7.536	2.814	7.182	8.311	3.875	2.53	7.066	3.32	6.993	5.205	4.683	3.138	3.58	6.843	5.479	6.539
LCK	4.598	9.589	3.701	10.2	9.846	7.058	5.506	11.79	5.282	10.92	7.359	5.223	5.329	5.279	7.804	8.856	7.61
LCP2	7.749	12.9	9.424	11.97	12.45	11.2	8.503	13.2	8.444	12.87	10.08	9.027	9.048	8.839	10.62	11.27	10.93
LDHA	11.74	12.86	14.14	13.37	12.59	15.35	13.37	12.63	13.6	12.65	14.86	13.1	13.86	13.5	14.37	13.93	14.4
LEP	0	4.607	0.09181	0	4.949	2.001	1.707	6.425	4.017	5.904	4.357	4.393	0	3.704	5.132	4.336	4.787
LEPR	6.65	9.027	6.344	8.59	7.867	7.571	6.595	7.634	7.273	7.639	6.821	5.747	2.786	7.372	8.734	6.88	7.681
LIFR	9.29	9.168	8.358	8.809	8.924	5.929	5.686	8.97	8.613	9.092	8.261	6.965	6.997	7.712	7.848	6.777	6.17
LILRB3	5.454	10.26	4.511	8.914	10.7	6.61	4.995	8.465	5.602	8.541	5.907	5.177	5.108	5.915	8.011	7.172	6.893
LIMS1	7.206	8.02	7.835	8.184	8.817	8.51	7.34	8.523	7.795	7.972	8.362	6.867	7.705	7.117	9.415	8.775	9.162
LMBR1	9.146	10.52	10.55	10.71	10.09	11.03	10.68	10.61	10.76	10.18	10.2	9.96	11.21	10.22	10.89	9.953	11.28
LPA	0.7856	0	1.229	4.428	5.163	0	0	4.982	0	4.579	0	0	0	0	2.63	0	0
LRP1	10.79	13.51	9.33	11.08	12.4	9.933	9.94	12.36	10.27	11.66	10.24	9.769	9.569	9.311	11.26	11.37	11.02
LRRK1	8.639	10.12	7.025	10.37	10.55	9.108	7.456	10.28	6.99	10.21	7.629	7.368	6.456	7.117	8.662	8.737	8.248
LRRK2	5.009	8.931	4.37	9.433	10	8.068	6.617	9.591	5.539	9.547	7.788	6.481	9.38	6.107	7.703	7.38	7.876
LTA	3.956	4.607	1.677	6.361	7.125	2.375	2.864	7.174	3.82	6.008	4.547	0	2.786	3.818	3.547	4.972	2.058
LTBP1	7.17	10.07	7.69	9.563	8.093	8.208	7.247	8.556	7.459	7.538	7.643	7.352	9.338	6.834	9.503	8.462	9.046
LTBR	10.94	11.52	9.826	10.78	10.07	10.49	9.949	9.75	10.57	10.55	10.36	9.263	11	10.08	10.65	9.638	10.92
LUM	10.27	16.71	9.487	13.39	15.51	12.8	13.12	14.75	10.43	13.95	12.84	12.48	9.035	12.61	15.12	14.55	14.76
LY6G	0.7856	0	0	0	0	1.494	0	0	0	0	0	0	0	2.719	0	0	0
LY75	4.509	8.989	4.037	10.25	10	7.096	4.801	10.17	4.938	9.342	7.557	4.268	4.94	5.11	7.931	8.276	7.749
LY96	6.925	11.46	9.548	10.63	11.43	9.307	8.011	10.51	6.974	10.8	10.78	7.971	7.438	8.547	10.93	11.16	11.86
MADCAM1	0	4.141	0	0	0.3051	0	0	4.663	0	0	0	0	0	0	0	0	0
MALT1	7.888	9.328	7.9	10.34	9.807	8.775	8.626	10.07	8.337	9.711	9.09	8.243	7.197	8.154	10.71	9.32	10.85
MAP3K14	10.17	9.372	6.801	10.86	9.892	7.478	7.673	10.01	8.108	10.48	8.297	6.91	8.109	8.181	7.75	7.905	7.61
MAP3K8	5.405	10.56	5.449	9.622	9.009	7.409	6.744	9.412	7.187	9.367	7.1	7.654	7.979	7.071	8.837	9.191	7.992
MARCO	5.715	12.98	5.154	8.957	11.59	5.842	6.952	9.841	9.016	8.736	9.428	8.243	5.329	8.984	11.69	9.037	7.628
MCAM	8.569	9.687	8.652	6.89	6.715	10.58	10.74	8.264	9.302	8.825	7.65	7.55	10.73	9.173	10.81	7.723	9.354
MET	5.715	8.439	9.35	8.277	6.715	10.49	10.89	7.369	13.38	8.803	11.32	11.85	12.96	6.926	9.278	11.48	9.949
MICA	8.047	8.26	5.683	7.831	8.311	7.949	8.246	8.141	8.03	8.375	6.637	7.853	7.469	6.41	8.218	6.513	7.545
MICB	8.232	9.416	7.357	9.577	9.929	7.921	8.038	10.03	9.136	10.53	8.861	8.04	7.711	8.395	10.61	9.124	8.934
MIEF1	7.17	7.115	7.768	8.058	7.985	9.478	7.604	8.041	7.92	8.01	7.629	7.011	8.677	8.543	8.622	7.83	8.519
MIF	11.31	12.15	13.1	11.9	11.44	14.06	12.57	11.31	13.51	11.13	12.75	12.05	13.65	12.36	13.69	12.53	13.44
MITF	7.664	9.614	11.37	7.991	9.262	12.97	11.34	8.626	11.86	10.51	11.47	11.83	12.92	11.65	11.59	11.31	11.55
MLNR	4.364	5.476	2.414	4.848	6.572	3.474	1.707	6.023	4.439	5.04	3.157	0	3.42	4.572	3.547	2.805	2.975
MMD2	3.383	0	0.5772	3.233	4.949	0	0.3283	5.32	0	3.027	3.97	0	0	0.2739	1.782	2.309	0
MMP1	4.414	9.082	6.698	9.644	7.073	10.5	5.146	6.459	5.357	5.388	6.327	4.581	3.761	0	11.06	6.829	9.089
MMP11	6.473	8.646	3.96	0	7.927	6.678	5.264	8.864	4.485	0	0	0	0	8	3.708	6.361	6.893
MMP12	5.633	11.78	10.24	11.71	5.92	6.482	0	7.971	7.764	3.379	7.188	2.031	2.321	1.191	8.529	10.97	3.369
MMP13	0	8.807	3.792	2.802	5.92	7.976	3.216	2.707	4.802	4.827	4.913	0	1.098	4.202	9.362	2.805	10.92
MMP14	9.008	11.99	8.668	10.01	10.47	10.51	10.34	10.75	10.19	10.18	9.51	10.08	10.54	9.46	11.68	10.47	11.63
MMP15	8.716	7.903	7.291	6.079	4.697	7.78	8.082	5.976	7.861	6.712	8.093	6.801	7.678	7.048	8.828	7.077	6.702
MMP19	6.229	9.675	5.764	7.935	7.867	6.923	6.191	7.971	6.934	7.763	6.796	6.413	3.951	7.981	9.313	7.432	7.307
MMP2	11.98	15.95	11.16	13.06	13.78	11.46	10.54	14.23	10.35	13.61	12.98	9.853	15.36	11.16	13.07	12.39	12.57
MMP20	1.667	5.857	1.677	4.965	5.797	3.753	2.094	4.085	3.954	3.897	1.117	0	3.138	1.191	4.104	1.978	0
MMP21	3.814	4.958	1.857	4.256	5.92	0	2.254	4.538	4.135	1.87	2.591	0	2.973	2.719	2.267	0.9304	0.7623
MMP28	2.913	7.371	1.857	9.443	4.949	6.113	5.768	5.394	3.217	5.669	2.591	4.581	0.2502	5.6	3.852	3.593	4.336
MMP3	2.766	7.536	5.027	5.173	7.019	8.985	4.072	4.883	4.837	4.827	4.818	4.433	2.572	0	9.623	2.805	6.832
MMP7	4.085	6.888	2.525	6.483	4.697	0	5.373	7.959	4.244	4.1	3.878	4.13	2.572	0.2739	5.727	5.411	2.975
MMP8	0	0	1.857	4.428	6.138	6.866	5.018	2.707	4.19	0	2.805	3.747	0	0	11.28	3.918	8.504
MMP9	10.34	11.52	8.052	13.18	11.06	8.673	8.465	10.96	8.707	8.295	8.279	6.971	5.147	11.23	9.313	9.254	7.637
MPL	3.814	5.857	3.127	5.073	6.572	3.312	3.136	5.394	2.855	5.464	3.439	0	3.42	2.937	4.589	2.578	2.729
MR1	3.657	7.732	5.392	7.426	8.288	5.581	6.778	8.626	5.978	7.27	7.449	5.937	6.342	5.78	7.674	7.681	7.351
MSR1	8.779	12.85	8.982	11.53	13.59	10.19	10.31	13.19	9.714	12.93	11.58	9.853	9.744	8.715	11.11	12.51	12.51
MUC4	0	3.449	0	2.185	6.236	3.128	0	3.107	0	4.579	0	0	0	0	0	0.9304	0
MUC5AC	0	0	2.018	0	4.006	4.188	3.561	1.233	0.7841	0	2.035	1.808	3.138	3.444	3.547	0.9304	3.186
MYD88	9.175	10.53	8.845	10.34	10.61	10.01	8.438	10.1	8.638	10.73	9.303	8.531	9.519	8.492	10.25	9.264	9.951
Maff	6.942	7.183	4.989	7.784	6.715	8.985	5.966	6.948	7.366	7.555	7.579	6.018	8.413	7.295	9.341	7.498	8.125
NAIP	9.803	9.71	5.463	10.32	9.629	7.716	7.447	10.14	9.286	9.195	8.794	7.888	8.219	7.514	8.824	9.012	8.941
NCAM1	9.207	5.857	5.205	6.318	7.019	8.155	2.961	5.53	8.564	4.579	6.637	3.471	0	8.029	5.61	6.917	5.742
NCAM2	5.429	7.637	7.451	6.829	7.927	6.88	5.04	6.651	6.565	6.364	7.643	5.223	3.859	7.938	6.33	7.432	6.12
NCAN	0	4.958	2.018	0	4.697	1.494	0	1.233	0	0	1.117	0	0	2.148	0	1.978	0
NCR1	0	0	0	0	0	0	0	4.538	0	3.661	0	0	0	0	0	2.309	0
NDUFS3	10.94	11.69	11.44	11.19	11.39	11.28	11.16	10.95	11.74	11.34	11.38	10.89	11.23	11.08	11.65	10.96	12.09
NFAT5	8.663	8.597	8.082	9.512	8.752	8.495	8.873	9.871	8.212	9.317	8.614	8.324	8.898	6.735	8.962	8.157	9.394
NFATC1	7.295	9.266	6.982	8.172	9.215	6.088	8.106	9.464	8.69	8.881	6.95	8.097	6.359	7.556	7.385	7.344	8.113
NFATC2	9.225	10.51	6.709	10.81	10.28	8.167	8.041	11.68	7.454	10.64	8.206	6.536	6.726	7.012	8.501	8.751	8.444
NFATC3	11.51	11.71	10.2	12.32	12.31	10.88	10.31	12.89	10.42	12.35	10.57	9.871	10.85	9.841	10.92	10.84	10.87
NFATC4	7.568	5.24	4.712	6.829	6.715	0.7051	4.748	6.559	5.23	6.403	4.818	2.223	4.847	4.635	5.39	5.927	5.674
NFKB1	6.542	8.717	7.66	9.214	9.128	7.261	7.578	9.253	7.809	8.968	8.088	7.683	7.907	6.532	8.88	9.081	8.113
NFKBIA	9.263	13.31	10.34	12.94	12.08	10.35	10.07	12.16	9.992	12.57	10.83	10.17	9.313	9.683	11.92	11.58	10.98
NFKBIB	7.155	6.714	6.328	6.559	7.125	6.695	5.858	7.132	6.024	7.332	5.382	5.563	6.063	7.912	6.717	6.464	7.741
NFKBIE	8.505	8.41	7.678	9.267	8.953	9.073	8.175	9.182	7.878	9.27	8.822	6.971	8.906	7.644	9.371	8.495	8.585
NFKBIZ	8.425	10.49	7.164	10.9	9.141	11.08	8.843	10.09	8.219	10.45	8.404	8.069	11.63	8.338	9.497	10.47	9.391
NFYA	11.21	10.15	10.43	9.794	10	9.75	10.13	9.994	10.44	10.09	10.81	9.52	10.45	10.54	9.891	9.218	10.4
NFYB	10.36	8.97	8.265	9.867	9.352	9.76	8.341	9.656	9.014	9.683	9.499	8.206	8.883	9.739	10.48	9.68	9.612
NFYC	8.961	9.821	8.176	9.306	9.656	10.09	8.905	9.921	10.21	9.679	9.403	8.529	9.032	9.918	9.895	9.327	9.789
NKIRAS1	8.701	9.266	8.522	8.196	8.242	8.27	8.41	8.064	9.447	8.404	8.088	8.001	8.488	7.463	9.043	7.778	9.587
NKIRAS2	8.66	10	9.041	9.577	9.341	9.111	8.55	9.408	9.398	9.352	8.404	8.425	8.433	9.323	8.97	8.84	8.84
NKRF	7.11	8.057	8.249	7.862	7.805	8.173	7.739	8.193	8.569	8.035	8.004	7.522	9.865	7.675	8.1	7.887	7.329
NLRC3	3.383	6.888	0	8.254	7.956	4.445	3.561	9.135	0.7841	9.121	3.97	2.545	3.42	1.748	5.869	5.878	0
NLRC4	5.501	8.02	4.309	6.559	8.419	6.011	5.04	7.524	5.092	8.242	5.975	5.2	4.984	5.662	7.082	7.222	6.702
NLRP1	6.907	10.74	5.841	11.74	11.09	7.358	7.796	11.64	7.088	10.77	6.961	7.398	6.162	7.295	7.995	9.392	7.34
NLRP10	3.657	5.679	0	9.458	6.572	4.188	4.665	5.927	0	0	3.675	1.545	2.016	0	5.014	3.71	0
NLRP12	3.167	6.619	2.414	5.794	7.6	2.918	1.707	5.976	2.71	4.827	4.056	1.223	1.629	1.748	4.414	4.539	0
NLRP13	0.7856	2.07	0	0	5.797	0	0	5.074	0	0	0	0	0	0	0	0	0
NLRP2	5.501	7.732	2.628	9.22	7.316	6.162	4.748	7.491	1.632	9.006	6.102	3.978	5.259	3.704	6.33	5.802	5.742
NLRP3	3.279	8.597	2.724	7.083	7.36	5.122	4.156	7.524	4.077	6.712	5.205	4.867	3.42	5.318	7.373	6.379	5.869
NLRP4	0.7856	0	0	0	5.663	0	0	3.42	0	0	0	0	2.321	0	0	5.635	0
NLRP6	0	6.714	2.628	6.403	7.837	3.128	1.176	6.651	3.32	6.513	4.662	3.031	1.098	4.572	4.669	5.018	3.932
NLRP7	0	3.449	0	4.256	7.019	0	0.8137	5.655	0	5.464	2.992	0	0	0	3.708	1.978	0
NLRP8	3.167	5.476	0	0	6.572	0	0	6.068	0	4.436	2.992	0	0	0	2.63	1.978	0
NLRP9	4.976	5.679	2.162	6.027	6.963	3.128	0	5.394	0	5.309	4.959	0	0	2.461	3.852	3.327	0
NOD1	8.059	9.25	7.788	9.586	8.924	8.392	7.834	9.571	9.137	9.875	8.781	7.589	9.129	8.181	8.157	9.057	8.344
NOD2	4.908	8.228	4.564	9.929	9.427	7.045	4.877	9.61	4.905	8.626	7.198	4.471	4.586	4.572	8.177	7.652	7.582
NOS1	3.737	4.141	1.677	5.73	6.138	0	0.8137	3.107	0	0.4911	3.675	0	0	0	3.852	2.309	0
NOS2	1.293	3.449	0	4.256	5.35	2.001	0	4.982	0	4.1	2.591	0	0	0	0	0	0
NOTCH1	10.08	10.02	7.861	10.25	9.674	7.87	8.749	9.788	8.621	9.741	7.579	7.834	9.388	9.547	8.191	8.963	7.637
NOTCH2	11.46	12.55	9.99	11.54	12.22	11.52	10.19	11.99	12.51	11.7	10.81	9.855	9.968	10.46	11.52	10.79	11.45
NRCAM	6.324	7.536	6.096	6.701	7.956	6.185	8.964	6.681	6.055	7.639	7.711	8.452	4.528	7.083	6.174	6.15	5.899
NRP1	10.38	12.67	8.859	11.34	11.18	9.921	9.808	11.42	9.07	11.42	9.959	9.729	8.393	11.28	10.77	11.07	10.3
NRP2	11.23	12.56	9.074	11.51	11.77	11.02	10.64	11.12	10.03	11.2	10.27	10.74	13.2	11.35	11.59	11.89	11.72
OGDHL	2.913	4.607	2.162	5.173	6.572	2.375	5.7	5.655	9.094	5.135	2.805	3.978	0	0.2739	7.111	0	1.551
OGFR	10.16	11.22	9.352	10.37	10.52	9.698	8.95	10.63	9.915	10.69	10.08	8.787	9.685	7.4	9.685	9.722	9.883
OLR1	1.964	6.804	0.09181	4.256	9.854	5.616	6.428	7.897	0	3.661	5.735	2.393	5.817	0	8.211	6.343	8.64
P4HA1	7.534	9.589	8.093	7.752	9.406	8.346	9.39	8.903	9.447	8.253	9.105	7.801	9.617	7.597	9.256	9.017	9.276
P4HA2	5.83	10.02	7.465	7.784	7.74	8.862	7.763	8.03	8.365	7.27	8.02	7.598	8.163	6.963	8.622	7.887	8.557
P4HB	11.07	13.64	11.22	12.19	12.64	13.41	11.64	12.28	13.38	12.13	11.82	11.45	12.75	12.72	12.36	12.57	11.91
PDCD1	2.604	7.776	0.9398	7.949	8.012	5.871	3.051	10.32	1.632	9.668	4.866	1.808	4.696	2.719	5.61	5.748	5.742
PDCD1LG2	3.737	10.09	4.803	9.123	8.967	6.443	5.282	10.29	5.793	8.968	7.65	5.433	6.103	3.704	8.003	9.365	9.099
PDGFRA	9.006	10.45	6.051	8.695	9.862	9.083	7.705	10.1	6.85	10.49	7.262	8.62	4.118	8.522	10.87	9.24	9.787
PDGFRB	11.8	12.82	9.141	11.24	11.97	9.441	10.22	12.24	9.044	11.98	9.361	9.613	8.084	10.47	10.73	10.54	10.72
PDIA2	4.145	0	4.11	0	6.963	0	3.216	4.538	2.369	1.87	2.591	0	2.016	2.461	2.267	3.327	0
PDIA3	7.191	7.183	6.977	8.135	8.355	9.679	7.143	8.678	8.071	8.198	8.99	7.527	8.677	8.279	8.518	8.543	8.338
PECAM1	9.929	13.18	8.695	11.34	12.83	9.846	9.974	12.21	9.38	12.02	10.44	10.2	8.595	10.34	11.37	11.19	11.48
PGK1	12.58	14.08	13.32	12.86	12.97	14.31	12.81	12.7	12.7	12.87	12.63	12.15	12.98	13.08	13.29	13.22	12.87
PGLYRP1	2.42	0	0	0	5.663	0	0	3.677	0	3.897	2.992	0	0	2.719	0	3.818	0
PGLYRP2	3.167	5.476	1.857	0	5.663	2.672	0.3283	4.883	0	4.937	1.648	0	2.016	0.2739	3.983	3.173	2.975
PGLYRP3	4.085	3.449	1.47	8.084	6.414	5.122	3.621	5.32	2.55	3.027	3.439	0	1.629	3.704	3.16	0.9304	0.7623
PGLYRP4	3.279	0	0.5772	6.522	6.963	3.753	1.913	3.896	0.04717	3.897	4.056	0	1.098	1.191	2.63	3.173	0
PLA2G2A	3.48	12.56	0.5772	6.734	7.524	6.644	7.815	7.195	6.501	8.198	6.881	9.399	2.016	10.19	11.36	5.903	9.499
PLAU	5.546	11.65	5.596	9.778	11.33	8.062	7.819	10.34	6.339	8.941	7.993	6.691	5.888	8.752	10.04	10.44	9.918
PLAUR	6.284	11.56	7.116	9.782	10.38	9.984	8.219	10.32	7.599	9.037	8.902	6.212	7.775	7.893	10.7	9.748	11.71
PLOD1	9.402	10.96	9.933	8.957	9.733	10.64	9.854	9.7	11.79	9.797	10.14	9.378	10.81	9.419	10.29	9.572	9.889
PLOD2	7.523	11.52	8.65	7.363	9.203	8.161	9.38	9.602	8.788	8.901	10.54	8.883	8.484	9.466	11.15	9.798	9.619
PLOD3	9.85	11.38	10.83	9.512	9.33	13.09	11.29	9.029	11.83	9.691	11.63	11.18	12.66	10.86	11.15	10.74	11.84
POLR1B	11.38	7.776	11	8.832	8.577	9.63	9.028	8.871	10	8.575	9.538	8.552	9.94	8.908	10.02	8.897	10.21
POLR2A	7.523	8.911	6.917	8.196	8.577	9.264	8.082	9.193	8.192	9.206	6.939	8.011	8.827	10.56	8.581	8.727	8.889
PPARG	7.184	7.732	4.64	4.428	8.44	6.341	6.654	8.214	5.93	8.523	5.348	6.268	4.195	7.193	6.62	6.68	6.068
PPARGC1A	5.83	6.015	6.25	5.517	7.36	5.262	8.535	5.394	9.123	6.549	10.43	7.462	8.529	7.265	9.827	8.299	8.727
PPBP	5.355	0	2.018	4.722	3.475	0	2.761	0	8.042	3.661	0	0.2232	0	4.202	3.547	3.001	2.432
PPIA	8.77	9.064	8.916	9.979	9.427	9.089	9.58	9.358	9.726	9.745	10.54	8.635	9.811	9.724	8.555	8.167	9.15
PRAJA1	8.035	8.162	7.51	7.253	7.524	7.826	6.836	7.313	7.253	6.993	7.226	6.13	7.537	7.682	6.06	7.474	6.649
PRF1	5.355	11.39	3.701	10.33	10.3	9.224	6.034	12.91	6.859	12.64	8.057	6.018	7.179	5.466	9.511	9.547	9.181
PRKRIR	9.552	10.3	10.42	10.61	10.8	9.518	9.388	10.94	11.72	10.72	10.25	9.127	9.182	9.636	10.45	10.38	11.04
PROCR	4.259	8.646	6.937	7.719	7.271	6.063	5.226	7.153	6.289	7.091	5.93	5.598	3.138	6.66	7.553	8.208	6.863
PSMB10	6.113	10.46	6.692	10.12	9.846	8.259	6.639	10.65	6.824	10.9	8.599	7.289	8.522	7.083	9.141	9.076	8.824
PSMB8	8.714	12.51	9.271	12.14	11.77	11.32	10.24	12.22	9.457	12.84	12.38	10.99	12.5	8.953	11.95	11.42	11.99
PSMB9	8.324	12.04	7.244	12.29	11.22	9.641	8.224	12.29	9.316	13.01	11.41	9.305	10.65	8	11.9	10.93	11.54
PSME1	9.674	12	9.703	12.11	11.69	10.86	9.944	12.36	10.78	12.46	11.54	10.07	11.47	9.57	11.99	11.83	11.52
PSME2	11.35	13.39	10.49	13.32	12.29	11.62	10.75	12.91	11.18	14.2	12.48	10.75	12.24	11.21	12.84	12.55	12.22
PSME3	9.627	11.03	11.42	11.7	10.6	11.93	11.03	10.77	10.82	11.05	11.39	11.2	11.4	11.4	11.39	10.77	11.68
PTAFR	4.554	10.64	4.736	9.798	9.899	6.556	5.858	9.583	6.501	8.867	6.869	5.808	5.69	5.238	8.327	8.93	7.999
PTEN	8.81	10.16	8.559	10.02	9.674	9.384	7.064	9.943	9.376	10.23	7.724	7.598	9.874	8.294	9.853	9.537	9.89
PTGS2	5.329	7.82	4.665	5.662	6.645	5.956	5.083	7.088	2.369	4.937	5.86	1.545	0.2502	5.78	6.754	6.25	6.938
PTK2	12.69	10.28	10.96	10.46	9.319	10.42	10.82	10.02	11.27	10.52	11.38	10.42	11.95	10.16	10.84	9.986	11.15
PTPRC	4.873	9.099	4.511	10.57	9.62	6.992	5.919	10.9	5.863	10.57	7.643	5.246	5.911	4.968	8.539	8.394	8.113
PTX3	7.632	9.082	5.571	6.483	7.403	5.651	4.346	7.235	5.405	6.712	6.783	8.863	4.94	8.093	9.801	6.561	6.632
PYCARD	7.162	8.891	6.709	9.762	8.879	6.727	9.546	8.649	6.586	8.839	8.234	8.652	5.295	6.887	9.673	7.804	7.362
PYDC1	0	0	0	7.486	4.006	4.091	2.761	2.15	0	0	2.805	0	0	0.2739	2.267	1.978	2.058
RAC2	5.329	11.18	5.873	10.12	10.95	9.564	6.898	12.26	7.425	11.46	7.897	6.518	7.297	7.777	9.22	9.689	9.124
RARA	8.613	9.538	8.314	8.447	8.702	8.69	8.723	8.729	8.648	8.839	8.428	7.913	7.89	8.371	9.239	8.798	8.76
RARB	8.698	6.517	10.01	6.734	7.956	5.956	4.606	7.65	9.179	7.555	10.42	4.581	3.761	7.362	7.022	7.397	6.595
RARG	9.052	8.439	7.696	9.725	7.6	7.65	8.415	7.765	8.328	7.733	8.526	7.476	8.799	7.463	7.42	7.033	6.995
RARRES3	5.675	10.45	4.95	8.809	9.363	8.149	6.023	11.58	6.512	11.09	8.642	6.462	7.89	5.357	8.592	9.858	9.039
RBP5	3.737	0	0	3.564	5.163	0	1.176	5.394	0	5.04	2.34	1.223	0	0	1.782	0.9304	0
REG3G	0	0	3.324	0	4.697	1.494	0	4.663	0	4.436	4.056	1.808	0	0	1.782	3.71	0
RELA	8.071	9.589	9.073	9.6	9.191	9.299	8.523	9.689	8.613	9.529	9.191	8.42	8.566	9.277	9.353	9.1	9.537
RELB	6.128	9.185	6.656	8.892	8.833	6.791	6.023	8.579	6.363	8.788	7.048	5.867	6.273	5.357	8.018	7.716	7.214
RFX5	8.55	8.67	8.259	9.535	9.638	8.596	8.4	9.893	9.692	9.782	8.818	8.469	9.342	9.638	8.581	8.713	9.27
ROBO1	7.834	8.02	10.38	9.882	7.837	10.15	7.578	7.819	8.133	7.763	10.49	7.554	6.997	9.326	7.574	8.523	9.496
ROBO2	6.172	5.476	7.489	8.172	5.92	9.083	7.659	5.714	7.2	3.027	4.959	7.383	5.363	3.818	3.983	3.593	5.527
ROBO3	2.42	5.857	4.803	7.446	8.04	4.853	4.196	7.619	4.345	7.919	6.745	4.747	5.363	2.461	6.471	7.241	6.923
RPL19	11.84	11.46	13.93	13.64	13	11.95	12.81	13.28	14.03	12.97	13.38	12.16	13.3	10.86	11.91	12.43	13.34
RPLP0	14.37	12.91	14.73	14.32	13.6	13.66	13.47	13.25	14.62	13.31	13.81	12.82	13.65	13.11	13.97	12.85	13.86
RXFP1	0	0	0	0	3.475	1.494	0.3283	4.777	0	0	0	0	0	0	3.367	3.327	2.058
Runx3	5.654	9.8	4.074	10.03	9.141	9.912	9.754	10.53	8.154	11.46	6.2	8.991	5.329	7.036	9.595	7.983	12.09
S100A1	6.65	8.52	8.487	0	4.949	11.81	11.91	4.403	12.91	10.24	10.95	11.19	13.12	7.083	9.054	7.942	11.78
S100A10	9.559	14.57	11.54	14.13	13.56	13.67	13.29	12.69	13.05	13.42	14.33	12.59	13.75	12.92	13.74	12.97	13.97
S100A11	11.03	16.65	12.28	14.97	15.61	15.9	13.82	14.23	13.53	14.45	14.59	13.99	14.58	13.96	14.92	14.22	15.35
S100A12	5.501	8.466	4.511	8.22	6.645	5.545	3.621	5.32	6.966	5.309	5.569	4.471	2.321	5.6	8.327	5.377	5.078
S100A13	10.17	11.8	9.177	10.74	11.01	11.91	10.12	10.67	11.4	10.59	10.44	9.735	11.57	10.12	11.33	10	11.78
S100A14	2.21	5.679	2.018	10.79	5.515	6.909	5.538	5.074	2.163	4.436	3.562	0	2.321	3.126	3.16	2.805	3.532
S100A2	5.501	6.714	1.229	14.33	5.92	10.66	6.654	5.594	4.97	0	8.143	3.978	6.255	4.023	8.048	0	8.784
S100A3	1.964	5.679	0.09181	5.856	4.949	2.918	3.051	3.677	3.106	4.708	6.893	2.924	0	3.58	5.568	4.972	2.058
S100A5	2.21	3.449	0	4.582	4.697	5.431	0	4.253	1.922	5.309	2.591	0	1.098	2.148	5.132	0	0
S100A6	8.446	12.94	9.782	12.1	12.51	14.41	12.47	11.97	11.37	11.9	12.87	11.98	13.56	10.67	14.05	11.51	14.51
S100A7	4.762	7.043	2.724	16.54	7.956	12.97	5.264	6.493	4.938	6.513	5.787	2.808	3.42	5.11	6.201	5.018	6.768
S100A7A	3.48	6.619	1.229	8.097	7.175	7.772	1.466	5.927	0.7841	6.008	3.78	1.545	2.016	4.115	4.414	3.466	3.678
S100A7L2	0	0	0	3.564	0	0	0	1.233	0	3.661	0	0	0	1.191	2.63	2.805	0
S100A8	8.297	12.09	6.508	15.79	8.752	11.8	5.989	9.97	8.699	7.919	8.548	6.881	5.295	6.549	11.09	10.42	8.151
S100A9	8.994	14.51	8.247	16.44	12.72	12.54	7.857	10.26	10.14	10.2	10.69	8.415	6.862	9.116	12.43	11.78	9.471
S100B	9.93	9.43	8.765	8.793	5.515	10.93	12.93	6.821	8.871	11.57	13.31	11.32	11.14	9.14	11.85	5.511	8.952
S100P	4.682	4.958	3.653	7.505	6.327	8.34	3.292	4.777	5.149	0	3.562	2.683	0	4.115	6.305	2.578	3.369
S100Z	3.956	5.857	1.677	4.582	7.224	0	1.913	6.238	0	5.309	4.818	0.2232	0	0	4.589	4.717	2.432
S1PR1	6.128	9.328	4.736	7.276	7.316	6.037	6.034	7.634	5.897	7.091	5.812	6.554	4.643	7.245	7.324	6.75	6.355
S1PR2	10.56	7.428	8.729	7.298	7.837	8.055	6.056	8.141	7.378	8.242	8.143	5.527	7.297	8.849	7.907	6.75	7.405
SAA1	4.873	6.888	2.293	6.027	5.515	6.32	4.31	7.604	3.672	5.731	0	5.615	2.572	5.394	11.88	8.345	8.439
SAA2	3.279	3.449	0.5772	4.428	7.073	5.749	2.254	5.976	4.077	5.791	3.439	4.978	0	3.704	12.24	7.44	7.891
SDC1	6.817	10.67	8.193	12.25	10.43	8.775	8.188	9.151	7.187	8.788	7.6	5.413	5.147	6.296	8.667	7.681	8.653
SDC2	11.8	11.92	9.445	9.244	9.846	8.968	8.334	9.248	6.351	8.81	9.949	7.447	6.547	8.471	9.05	9.206	9.623
SDC3	10.28	11.85	9.4	9.463	10.25	12.65	10.5	12.29	12.22	12.26	10.87	10.37	11.64	9.46	11.9	11.71	12.24
SDC4	9.534	10.71	8.873	11.79	10.58	10.75	10.36	9.667	11.45	9.734	10.75	9.409	10.87	9.911	12.68	10.13	10.53
SDHA	10.08	10.49	10.16	10.34	10.8	9.981	10.27	10.63	11.07	11.19	10.33	9.848	10.7	11.06	11.08	10.26	10.69
SDK1	0	7.588	2.018	6.027	7.6	3.987	3.136	7.02	5.897	6.106	5.447	2.393	2.016	4.572	5.764	6.481	3.678
SELL	5.612	8.97	4.511	7.598	8.04	7.488	4.801	9.743	6.399	9.457	6.536	5.311	5.491	6.515	7.899	7.423	7.456
SELPG	3.657	9.444	0	7.891	7.563	5.122	4.31	7.422	3.591	7.864	5.167	5.393	0	4.918	6.659	6.021	5.488
SEMA3A	11.34	8.74	6.192	6.559	7.403	8.6	4.029	7.088	2.71	7.484	4.913	4.177	3.543	5.534	5.132	5.72	2.975
SEMA3B	7.848	10.2	6.773	6.179	6.033	8.476	9.423	7.195	8.394	9.161	7.465	7.863	6.777	4.696	11.67	7.022	9.315
SEMA3C	8.637	10.47	10.89	8.447	9.09	8.94	7.426	9.135	11.38	7.391	8.683	7.418	6.021	9.197	8.191	10.48	8.718
SEMA3D	9.352	8.717	10.59	8.563	8.288	11.11	8.219	8.531	4.017	7.878	7.342	6.509	6.517	9.649	8.157	7.936	8.439
SEMA3E	5.192	7.115	3.999	5.591	7.403	2.001	4.775	5.927	0	5.669	5.382	3.471	4.037	4.968	5.074	3.327	4.245
SEMA3F	8.663	8.493	6.041	9.209	3.475	6.821	6.445	6.493	5.793	5.224	6.04	6.118	4.984	7.597	6.861	7.182	6.539
SEMA3G	6.35	8.292	2.018	6.559	6.572	4.729	5.264	7.255	5.381	7.793	4.137	5.924	1.629	7.012	6.448	4.262	5.406
SEMA4A	5.248	9.894	4.97	9.979	9.179	6.519	6.012	9.273	6.422	9.425	6.521	5.2	5.865	5.017	7.235	7.592	6.981
SEMA4B	6.836	8.292	6.114	9.535	7.445	8.519	8.002	7.91	7.956	7.27	8.412	7.368	8.906	7.839	7.408	9.285	6.832
SEMA4C	9.771	8.717	8.222	8.266	7.706	10.06	7.451	6.873	10.46	8.274	6.857	8.124	7.469	9.948	9.401	7.856	11.06
SEMA4D	7.839	9.471	6.439	10.79	10.02	8.087	6.045	11.6	7.396	10.71	7.496	5.951	7.567	5.534	8.315	8.951	8.49
SEMA4F	5.695	4.141	3.96	2.185	2.627	6.727	4.115	4.538	6.351	4.1	0	3.683	4.586	4.361	6.06	5.062	5.807
SEMA4G	6.701	4.607	3.96	6.667	5.163	2.918	4.546	4.883	6.04	4.937	3.78	3.13	3.543	3.294	5.014	0.9304	0
SEMA5A	9.249	10.59	10.08	9.226	9.638	10.85	6.998	9.268	11.57	9.703	8.942	6.77	5.716	9.076	9.226	10.35	10.7
SEMA5B	6.65	6.804	5.027	5.794	7.224	3.753	5.522	7.215	5.001	6.681	5.447	4.433	4.94	6.215	6.146	5.511	5.406
SEMA6A	6.808	0	7.569	5.794	6.327	9.518	9.131	5.77	8.548	7.572	6.082	8.745	7.05	10.16	7.693	6.545	7.814
SEMA6B	6.143	9.512	3.055	5.915	7.563	5.349	6.181	7.066	4.485	6.403	4.818	5.509	5.223	6.194	7.373	7.538	6.667
SEMA6C	9.308	7.536	5.935	7.057	6.963	6.088	6.287	6.847	6.901	6.914	6.142	5.373	5.223	7.409	7.759	6.25	6.613
SEMA6D	7.557	4.958	5.994	5.173	4.006	7.7	7.257	6.156	8.527	6.513	5.682	6.896	6.85	6.515	6.228	8.285	7.628
SEMA7A	7.459	7.428	6.541	8.971	8.012	9.204	7.796	9.058	9.861	8.705	9.205	6.715	10.77	6.735	8.033	8.193	6.632
SHFM1	11.02	11.07	10.78	10.42	9.629	11.33	11.19	9.606	11.43	10.28	11.55	10.6	11.01	11.97	10.74	10	10.92
SIGLEC14	0	4.958	2.979	0	5.797	0	0	6.068	0	4.937	3.878	0	0	0	4.745	4.1	2.432
SIX2	3.886	0	0.5772	0	6.033	2.918	2.254	5.655	2.55	5.04	3.562	0.8081	1.629	5.318	5.342	3.327	3.532
SKIV2L	8.58	8.911	9.033	8.386	8.194	8.727	8.945	9.363	8.294	8.721	8.234	8.358	8.943	9.047	8.95	8.105	7.942
SLAMF1	1.964	7.776	1.229	7.847	7.485	4.522	2.094	8.988	4.017	8.154	4.137	2.683	1.098	0	5.568	8.589	4.503
SLAMF6	1.293	6.517	0	7.182	7.563	4.188	2.961	8.909	2.986	8.432	2.591	2.393	0.2502	0	5.437	5.853	5.32
SLAMF7	5.104	11.45	6.217	11.48	12.24	11.8	6.867	12.58	7.279	12.3	9.376	5.031	8.139	4.755	10.7	10.51	12.18
SLIT1	6.64	6.015	2.628	6.179	7.773	4.729	3.679	6.621	2.369	6.773	5.975	3.311	5.716	3.294	5.293	5.228	5.838
SLIT2	9.14	7.903	5.915	6.318	7.563	4.729	5.871	6.996	4.345	7.091	6.04	6.373	3.859	5.357	6.736	6.651	6.289
SLPI	4.976	5.476	2.525	11.23	6.645	9.461	6.969	5.074	2.71	6.152	3.562	1.223	0	0	9.472	5.72	6.595
SMAD3	10.03	10.02	7.941	9.852	9.831	9.573	8.879	10.46	9.333	9.879	9.568	8.334	7.731	9.488	9.43	8.566	9.039
SMAGP	6.485	7.536	6.432	9.238	7.224	7.516	5.522	7.043	5.539	7.091	5.836	5.268	2.973	7.372	8.107	6.211	6.938
SMURF2	9.467	9.564	8.829	10.42	10.24	8.763	8.75	10.34	9.215	10.01	9.615	8.633	8.851	8.975	9.365	9.58	10.39
SOCS1	6.215	8.41	3.442	8.929	7.36	7.772	4.801	8.976	5.978	8.961	7.262	5.154	6.964	6.582	7.795	7.546	7.672
SOCS3	6.324	10.8	7.563	8.753	8.119	9.108	8.197	9.61	7.366	9.916	9.256	7.295	8.215	8.726	10.95	10.37	9.598
SOD1	9.641	9.152	7.103	8.761	8.355	8.968	8.906	7.885	9.296	8.626	8.822	8.037	8.643	7.981	9.039	8.703	8.288
SORT1	10.38	11.77	10.66	10.85	11.53	11.5	12.58	9.729	12.06	11.11	11.8	12.51	11.84	11.45	12.2	11.07	12.72
SP1	8.865	8.597	8.189	9.54	9.103	9.195	8.503	9.167	9.581	9.127	9.217	8.398	9.253	8.77	9.456	8.951	8.752
SPI1	7.778	13.25	8.505	11.98	13.22	9.543	8.967	12.19	8.937	11.75	10.97	8.652	8.752	7.975	10.94	11.24	10.66
SPN	1.667	7.776	3.701	9.136	8.879	6.423	3.984	9.451	2.855	9.516	4.716	3.471	3.42	4.361	5.65	7.804	5.448
SSTR1	0	4.141	0	3.833	5.92	0	0	4.538	0	4.436	1.117	2.031	0	0	2.919	3.173	0
SSTR2	4.203	5.476	1.47	4.428	6.236	0.7051	2.399	4.982	1.632	5.135	3.97	1.808	1.629	5.318	3.547	4.012	2.975
STAT1	9.413	12.27	8.532	12.41	11.66	11.03	9.199	12.37	9.324	13.09	11.12	9.382	11.07	8.712	11.86	11.67	12.64
STAT3	9.118	12.51	10.21	12.19	11.88	12.13	11.03	12.3	10.71	12.08	12	11.07	11.54	11.13	11.99	11.65	11.82
SYK	5.654	9.675	6.806	9.185	10	6.851	6.617	8.89	7.028	8.626	7.65	5.965	5.579	6.82	7.712	8.121	7.022
Spry2	13.68	8.67	8.441	8.922	8.419	10.59	10.5	9.539	9.744	9.556	10.69	9.98	11.23	8.187	10.32	8.089	11.42
Spry4	12.5	7.862	6.184	5.972	6.138	9.976	8.9	7.44	10.35	6.477	7.005	8.408	9.708	7.963	8.364	6.431	8.514
TACR1	4.641	7.536	3.442	6.027	7.563	4.911	3.839	6.459	3.888	6.324	5.655	2.223	3.42	5.567	5.293	2.805	3.811
TANK	9.957	10.43	8.945	11.72	11.11	9.08	9.183	11.15	8.723	10.97	9.835	8.943	9.363	8.812	10.18	10.3	10.09
TAP1	5.987	10.67	6.388	10.17	9.665	9.302	7.85	10.75	7.39	11.78	9.942	8.518	10.38	6.629	10.08	9.206	9.938
TAP2	7.471	10.51	7.375	10.28	9.227	9.789	8.258	10.41	8.588	11.61	9.716	9.189	11.26	8.059	9.877	9.186	9.039
TAPBP	8.663	12.38	9.233	12.44	11.8	10.58	9.803	12.04	9.863	12.84	10.96	9.918	10.6	9.768	11.09	10.96	10.48
TAPBPL	6.542	10.15	5.863	9.644	10.13	7.239	6.099	9.774	7.482	10.04	8.004	5.49	6.7	8.053	8.652	8.398	7.351
TCF4	9.085	9.045	6.795	9.563	8.938	8.036	6.81	9.349	5.757	8.981	7.586	6.633	4.984	8.56	9.123	7.924	8.376
TCF7L2	10.31	9.471	7.723	9.154	9.297	7.885	7.773	9.864	9.517	9.471	8.02	7.522	9.521	7.353	8.345	8.345	7.957
TEC	2.21	6.517	3.792	7.158	7.403	4.594	3.498	5.927	4.766	5.904	3.78	3.615	3.138	4.361	5.39	5.574	5.364
TEK	6.187	8.989	0.9398	6.403	7.019	4.793	4.949	6.924	2.855	6.773	5.003	5.081	2.786	4.202	6.03	5.802	6.195
TGFB1	8.824	11	7.636	9.6	10.27	9.555	8.09	10.27	6.926	10.78	8.009	7.649	7.121	8.787	9.641	9.173	9.348
TGFBR1	10.14	11.44	11.97	11.34	12.11	11.93	11.36	11.51	11.19	11.46	11.28	10.62	11.09	11.14	11.91	11.14	12.01
TGFBR2	9.462	12.19	10.75	10.87	11.86	10.32	10.15	12.02	9.087	11.71	11.71	10.89	10.01	11	11.52	11.46	11.27
TGFBR3	7.99	9.064	6.446	8.832	8.398	7.58	7.783	8.244	8.458	8.65	7.159	8.36	7.878	7.72	8.296	6.68	6.768
THBS1	9.853	13.57	10.62	10.94	11.49	13.14	11.68	12.07	9.439	10.17	13.06	11.67	9.749	11.85	14.91	14.93	14.44
THRA	8.109	9.639	8.079	7.906	8.736	7.449	8.838	8.785	9.38	8.774	8.911	8.466	8.465	9.369	8.093	9.663	8.878
THRB	5.329	7.588	4.11	8.737	7.956	5.349	5.319	7.313	4.729	7.671	5.682	5.081	2.572	6.392	6.228	4.601	5.488
TICAM1	7.213	9.512	7.472	8.712	9.215	7.885	7.593	8.964	8.464	8.825	6.732	7.437	8.409	7.139	7.542	7.862	8.151
TICAM2	6.77	9.045	7.988	8.22	9.427	8.592	7.133	9.583	7.886	9.144	8.073	7.177	7.788	8.399	8.993	8.706	9.476
TIE1	9.251	9.639	8.111	7.486	7.773	6.644	7.164	8.368	5.72	8.404	6.394	6.838	4.037	7.749	7.615	9.23	7.102
TIMP1	11.52	15.02	10.83	11.85	13.31	13.16	12.16	14.27	11.24	13.5	11.64	11.88	12.47	10.83	13.44	12.85	12.61
TIMP2	10.11	13.63	10.31	11.49	12.45	12.36	11.45	12.21	12.72	11.98	11.66	11.78	12.24	12.26	11.52	11.63	11.7
TIMP3	11.81	15.4	9.8	11.08	13.71	13.41	10.97	13.46	12.37	12.25	12.39	10.3	10.91	10.81	13.74	12.92	11.71
TIMP4	5.221	5.679	2.525	0	6.495	3.312	0	6.459	4.802	7.138	3.157	3.311	0	6.614	4.589	3.466	4.245
TK2	7.684	9.832	7.476	9.238	10.05	9.422	8.585	9.798	8.235	9.687	8.879	8.415	8.809	7.427	9.024	9.092	9.589
TLR1	7.048	9.328	6.521	8.581	9.665	7.032	7.233	9.494	6.798	8.981	8.328	7.148	8.74	6.061	8.896	9.223	8.627
TLR10	3.886	3.449	1.677	6.559	7.805	5.122	3.734	8.498	3.507	7.52	4.818	1.545	4.528	3.704	5.61	4.539	4.652
TLR2	9.73	10.76	5.764	9.272	9.846	7.848	5.794	9.302	7.102	9.006	7.832	6.762	6.604	6.913	9.508	8.695	8.581
TLR3	4.085	7.732	2.979	6.947	6.715	5.684	5.569	6.973	6.715	6.583	6.292	5.666	6.424	4.361	6.03	6.513	6.952
TLR4	7.227	10.67	6.282	9.604	10.68	8.276	7.985	10.49	7.96	10.44	8.468	8.109	8.921	7.969	9.593	9.493	9.582
TLR5	5.612	8.162	3.385	7.891	9.023	4.729	6.306	8.214	7.166	7.572	5.415	5.031	4.037	4.361	7.181	6.736	6.785
TLR6	4.976	8.26	4.803	8.184	8.938	7.193	7.053	8.736	6.099	8.274	7.089	7.037	9.353	6.107	7.813	7.994	6.878
TLR7	5.276	9.082	3.127	8.11	10.52	7.459	6.268	9.394	2.55	9.411	6.927	5.13	6.532	5.835	8.107	7.868	8.739
TLR8	5.104	10.64	5.154	10.01	9.767	6.951	5.569	9.991	6.301	9.031	7.971	5.649	5.792	5.064	8.496	8.674	8.013
TLR9	4.682	6.968	3.262	6.403	7.898	4.188	2.761	6.924	3.106	5.791	4.423	0.2232	0.2502	4.635	3.367	4.475	2.432
TNF	3.045	5.857	2.414	8.817	7.271	5.47	3.937	7.65	4.077	8.142	4.662	1.223	5.068	2.148	4.669	6.666	3.532
TNFAIP3	3.956	9.485	5.695	9.092	8.144	7.658	6.171	9.743	5.257	8.766	6.506	5.838	6.838	5.017	8.041	7.791	8.735
TNFRSF10A	2.604	6.714	1.229	7.906	7.403	4.091	3.364	8.204	2.163	7.091	5.045	3.031	3.138	4.202	5.689	5.511	4.044
TNFRSF10B	10.17	10.42	9.492	10.43	9.951	9.677	9.622	9.784	10.5	10.44	9.454	9.893	9.048	8.734	10.96	8.827	9.681
TNFRSF10C	3.814	6.619	3.442	5.517	6.033	4.445	5.978	5.77	4.571	4.827	1.648	5.937	0	4.115	6.515	6.343	5.742
TNFRSF10D	5.405	7.732	3.878	7.426	8.242	6.037	5.083	7.557	4.485	7.41	5.975	4.433	3.859	6.582	7.408	6.307	5.602
TNFRSF11A	3.571	4.958	3.92	6.361	0.3051	5.616	5.337	5.594	0	4.827	5.682	4.747	5.363	5.501	5.568	3.593	5.488
TNFRSF11B	4.908	7.862	6.912	7.877	7.36	5.812	4.546	8.312	3.672	6.364	7.298	4.838	5.636	5.238	6.808	9.278	10.66
TNFRSF12A	5.405	6.714	2.018	6.179	4.949	7.553	5.584	5.594	4.19	5.04	6.506	5.471	5.69	5.534	8.164	4.539	9.276
TNFRSF13B	2.42	0	1.677	3.833	7.485	2.375	2.761	7.387	0	5.604	0	1.223	0	2.719	3.852	3.818	2.729
TNFRSF13C	7.94	5.24	4.428	7.363	8.218	4.594	4.877	8.523	5.12	7.555	6.916	4.649	4.404	5.862	5.342	5.775	4.336
TNFRSF14	7.087	9.925	10.24	10.81	10.94	10.42	11	10.57	13.5	10.61	10.51	10.57	10.76	10.64	9.116	10.51	10.4
TNFRSF17	4.145	7.115	1.229	6.13	10.4	4.445	2.53	9.297	3.672	9.332	5.167	1.545	1.098	3.126	5.903	6.288	4.652
TNFRSF18	4.414	7.311	2.018	8.354	7.316	4.967	4.273	7.634	3.591	8.131	2.805	2.808	0	2.719	5.61	5.228	1.551
TNFRSF19	10.69	10.23	7.5	10.46	8.218	7.535	8.824	6.873	7.835	6.152	8.336	8.783	10.87	6.532	8.811	6.065	10.49
TNFRSF1A	8.591	10.09	8.429	9.863	9.584	9.326	8.64	9.97	8.556	9.822	9.292	8.043	9.155	9.638	10.29	9.322	9.208
TNFRSF1B	6.575	11.47	6.282	10.23	10.4	7.863	7.015	10.48	7.531	11.31	8.456	7.13	6.532	7.305	9.59	8.853	8.658
TNFRSF21	9.006	9.915	8.161	8.572	7.445	8.703	9.472	8.595	7.839	8.488	10.49	9.005	10.89	8.208	9.668	9.139	9.438
TNFRSF25	0	0	0	3.833	5.35	1.494	0	3.896	0	5.135	0	0	0.2502	0.2739	0	0	0
TNFRSF4	5.754	4.141	1.47	7.616	6.033	4.522	4.514	6.681	2.163	7.27	3.97	2.683	2.572	4.918	5.935	5.72	4.787
TNFRSF6B	8.894	9.602	5.873	9.679	8.909	7.562	7.508	7.959	7.579	8.523	8.057	7.273	7.691	7.324	8.056	7.538	6.649
TNFRSF8	2.42	6.714	1.857	6.632	6.495	4.853	4.115	7.275	4.439	7.702	5.167	2.545	3.951	4.811	6.64	5.853	5.179
TNFRSF9	1.667	5.679	2.162	8.497	5.515	5.217	2.254	8.603	4.19	9.281	5.569	1.808	3.138	3.444	5.437	6.087	6.12
TNFSF10	5.454	10.45	4.179	10.84	9.437	8.377	6.494	10.66	6.544	10.53	7.586	5.545	6.739	5.567	8.691	8.795	8.608
TNFSF11	0	5.24	1.677	4.06	5.163	3.987	1.913	4.085	0	4.436	0	0	2.016	3.294	3.708	3.466	5.364
TNFSF12	7.664	10.96	6.351	9.874	10.84	8.985	8.963	10.48	8.29	10.75	8.025	8.911	9.014	8.51	9.69	10.27	10.36
TNFSF13	4.462	6.015	4.64	7.405	7.985	7.741	4.416	6.59	5.622	5.904	5.415	4.393	5.329	5.662	6.402	6.545	4.652
TNFSF13B	8.29	9.915	6.141	9.311	9.907	8.652	6.771	10.6	6.876	10.32	9.174	6.615	7.331	5.99	9.478	10.26	10.19
TNFSF14	3.48	6.158	0	6.798	7.563	3.128	4.31	7.792	3.416	6.802	4.423	2.393	1.629	4.435	5.61	5.106	4.579
TNFSF15	6.324	8.597	5.301	8.84	8.558	6.744	5.538	8.234	4.652	8.626	7.663	4.808	6.838	3.126	7.167	7.989	8.576
TNFSF18	0	0	0.09181	5.355	5.797	3.474	3.216	4.538	0	5.604	2.591	0	3.286	0.2739	2.267	5.574	4.579
TNFSF4	6.229	9.639	5.505	7.083	8.879	8.137	7.426	8.234	6.555	8.584	7.005	5.683	5.69	5.862	8.308	8.313	7.837
TNFSF8	2.42	7.248	1.229	6.273	7.316	3.987	3.679	7.11	0	7.043	3.675	2.683	2.786	2.937	5.188	5.853	4.968
TNFSF9	4.8	7.311	6.184	7.426	7.706	6.209	5.931	7.885	8.245	7.985	6.361	5.393	8.759	5.238	7.139	5.903	6.848
TP53	9.05	11.01	10.96	10.44	9.951	9.439	9.916	10.51	8.409	9.861	9.846	9.53	10.59	9.62	9.233	8.83	9.211
TRAF3	7.719	9.744	8.541	10.11	10.35	8.998	8.229	10.47	8.914	10.19	8.416	8.355	9.141	7.265	8.85	9.557	8.553
TRIM22	7.261	10.36	4.511	10.91	9.767	8.387	6.51	10.33	6.457	11.55	7.298	6.944	7.13	6.565	8.27	8.006	7.92
TRIM27	9.149	8.87	9.479	7.784	8.48	9.132	9.007	8.845	8.716	8.895	8.885	8.703	9.394	8.612	9.626	9.059	8.994
TRIM46	7.829	5.476	2.293	6.027	6.414	4.365	5.643	6.113	6.49	5.957	2.591	3.031	4.894	5.567	5.014	5.511	5.899
TRIM5	8.146	8.057	7.248	8.375	7.36	7.708	6.791	7.524	7.476	7.466	7.504	6.311	7.617	5.631	7.052	7.474	7.672
TRIM69	1.964	0	0	4.256	6.033	0	0.3283	5.594	0	4.708	0.2693	1.223	0	0	0	4.012	0
TRPC4AP	11.13	10.54	10.34	11.05	10.28	10.3	9.94	10.78	10.67	10.72	10.27	9.676	10.63	9.839	10.73	10.19	10.58
UBR1	8.658	8.196	7.264	8.978	8.218	8.786	7.586	8.771	8.792	8.658	7.549	7.3	8.192	7.605	7.89	8.34	7.707
UBXN1	7.632	6.158	7.458	7.651	7.867	5.651	5.989	7.604	5.913	7.205	5.569	5.352	6.29	6.41	5.342	5.951	5.565
ULBP1	4.259	6.619	1.677	6.13	7.36	2.375	1.913	6.068	0.7841	5.791	5.242	1.808	2.572	6.706	5.869	4.475	4.968
ULBP2	4.837	6.517	3.603	6.483	8.04	4.279	3.051	6.651	1.922	6.441	4.606	3.471	2.321	3.58	5.999	4.012	3.932
VCAM1	9.513	10.24	6.778	9.766	9.527	8.88	7.965	11.5	7.26	11.51	8.908	7.321	7.365	6.276	9.889	10.22	10.22
VCAN	11.18	13.38	10.23	9.13	10.86	8.824	8.912	11.21	7.247	10.21	8.315	8.904	6.964	8.859	11.32	11.09	10.49
VEGFA	11.79	10.5	11.3	9.844	10.32	10.51	10.84	10.08	10.95	9.327	12.63	9.613	8.857	11.71	10.64	11.49	10.39
VIM	6.799	6.288	6.041	7.32	7.524	5.956	6.36	7.275	7.831	6.441	8.416	4.649	7.252	8.319	5.727	6.481	5.448
VTN	3.657	6.407	0	4.722	6.715	1.494	3.788	4.883	4.938	5.224	3.562	3.978	4.696	2.148	4.318	3.173	2.729
WNT5A	6.618	8.352	7.053	9.026	8.558	7.488	5.643	7.833	7.187	6.859	6.972	5.031	5.956	5.466	7.75	7.289	9.359
XCL1	4.598	7.248	3.498	6.734	7.927	2.001	3.051	6.873	2.369	6.802	5.761	0	2.321	4.572	5.61	4.824	3.678
XCR1	3.167	7.371	0.09181	7.562	7.36	3.621	1.913	6.681	1.27	7.091	2.591	2.031	1.629	4.284	3.983	3.71	0
Xbp1	9.481	10.87	7.39	9.979	12.2	11.01	8.066	10.54	9.564	12.76	9.301	8.452	9.468	9.672	10.97	10.05	10.17
ZAP70	5.009	8.694	7.24	10.56	9.319	6.443	5.04	11.48	5.602	10.97	5.812	4.268	5.186	5.534	7.007	8.183	6.068
ZC3HAV1	8.777	10.92	9.009	11.5	10.47	10.28	9.648	11.07	10.58	10.99	9.469	9.56	11.01	9.392	10.38	10.39	10.13
